Status da conta corrente existente,Duração em mês,Histórico de crédito,Propósito,Quantidade de crédito,Conta poupança/títulos,Emprego atual desde,Taxa de prestação em percentagem do rendimento disponível,Status pessoal e gênero,Outros devedores/fiadores,Residência atual desde,Propriedade,Idade em anos,Outros planos de parcelamento,Habitação,Número de créditos existentes neste banco,Trabalho,Número de pessoas responsáveis pela manutenção de,Telefone,Trabalhador estrangeiro,Classe
 ... <  0 Marco Alemão,6,conta crítica/outros créditos existentes (não neste banco),rádio/televisão,1169,desconhecido/sem conta poupança, ... >= 7 anos,4,Homem: solteiro,nenhum,4,imobiliária,67,nenhum,própria,2,funcionário/funcionário qualificado,1,"Sim, registrado em nome do cliente",Sim,Bom
0 <= ... < 200 Marco Alemão,48,créditos existentes pagos devidamente até agora,rádio/televisão,5951,... <  100 Marco Alemão,1  <= ... < 4 anos,2,Mulher: divorciada/separada/casada,nenhum,2,imobiliária,22,nenhum,própria,1,funcionário/funcionário qualificado,1,Nenhum,Sim,Ruim
sem conta corrente,12,conta crítica/outros créditos existentes (não neste banco),educação,2096,... <  100 Marco Alemão,4  <= ... < 7 anos,2,Homem: solteiro,nenhum,3,imobiliária,49,nenhum,própria,1,não qualificado - residente,2,Nenhum,Sim,Bom
 ... <  0 Marco Alemão,42,créditos existentes pagos devidamente até agora,móveis/equipamentos,7882,... <  100 Marco Alemão,4  <= ... < 7 anos,2,Homem: solteiro,fiador,4,contrato de poupança/seguro de vida da sociedade civil,45,nenhum,de graça,1,funcionário/funcionário qualificado,2,Nenhum,Sim,Bom
 ... <  0 Marco Alemão,24,atraso no pagamento no passado,carro (novo),4870,... <  100 Marco Alemão,1  <= ... < 4 anos,3,Homem: solteiro,nenhum,4,desconhecido/sem propriedade,53,nenhum,de graça,2,funcionário/funcionário qualificado,2,Nenhum,Sim,Ruim
sem conta corrente,36,créditos existentes pagos devidamente até agora,educação,9055,desconhecido/sem conta poupança,1  <= ... < 4 anos,2,Homem: solteiro,nenhum,4,desconhecido/sem propriedade,35,nenhum,de graça,1,não qualificado - residente,2,"Sim, registrado em nome do cliente",Sim,Bom
sem conta corrente,24,créditos existentes pagos devidamente até agora,móveis/equipamentos,2835,500 <= ... < 1000 Marco Alemão, ... >= 7 anos,3,Homem: solteiro,nenhum,4,contrato de poupança/seguro de vida da sociedade civil,53,nenhum,própria,1,funcionário/funcionário qualificado,1,Nenhum,Sim,Bom
0 <= ... < 200 Marco Alemão,36,créditos existentes pagos devidamente até agora,carro (usado),6948,... <  100 Marco Alemão,1  <= ... < 4 anos,2,Homem: solteiro,nenhum,2,"carro ou outro, não em conta poupança/títulos",35,nenhum,alugada,1,gestão / autônomo / funcionário / diretor altamente qualificado,1,"Sim, registrado em nome do cliente",Sim,Bom
sem conta corrente,12,créditos existentes pagos devidamente até agora,rádio/televisão,3059, ... >= 1000 Marco Alemão,4  <= ... < 7 anos,2,Homem: divorciado/separado,nenhum,4,imobiliária,61,nenhum,própria,1,não qualificado - residente,1,Nenhum,Sim,Bom
0 <= ... < 200 Marco Alemão,30,conta crítica/outros créditos existentes (não neste banco),carro (novo),5234,... <  100 Marco Alemão,desempregado,4,Homem: casado/viúvo,nenhum,2,"carro ou outro, não em conta poupança/títulos",28,nenhum,própria,2,gestão / autônomo / funcionário / diretor altamente qualificado,1,Nenhum,Sim,Ruim
0 <= ... < 200 Marco Alemão,12,créditos existentes pagos devidamente até agora,carro (novo),1295,... <  100 Marco Alemão,... < 1 ano,3,Mulher: divorciada/separada/casada,nenhum,1,"carro ou outro, não em conta poupança/títulos",25,nenhum,alugada,1,funcionário/funcionário qualificado,1,Nenhum,Sim,Ruim
 ... <  0 Marco Alemão,48,créditos existentes pagos devidamente até agora,negócios,4308,... <  100 Marco Alemão,... < 1 ano,3,Mulher: divorciada/separada/casada,nenhum,4,contrato de poupança/seguro de vida da sociedade civil,24,nenhum,alugada,1,funcionário/funcionário qualificado,1,Nenhum,Sim,Ruim
0 <= ... < 200 Marco Alemão,12,créditos existentes pagos devidamente até agora,rádio/televisão,1567,... <  100 Marco Alemão,1  <= ... < 4 anos,1,Mulher: divorciada/separada/casada,nenhum,1,"carro ou outro, não em conta poupança/títulos",22,nenhum,própria,1,funcionário/funcionário qualificado,1,"Sim, registrado em nome do cliente",Sim,Bom
 ... <  0 Marco Alemão,24,conta crítica/outros créditos existentes (não neste banco),carro (novo),1199,... <  100 Marco Alemão, ... >= 7 anos,4,Homem: solteiro,nenhum,4,"carro ou outro, não em conta poupança/títulos",60,nenhum,própria,2,não qualificado - residente,1,Nenhum,Sim,Ruim
 ... <  0 Marco Alemão,15,créditos existentes pagos devidamente até agora,carro (novo),1403,... <  100 Marco Alemão,1  <= ... < 4 anos,2,Mulher: divorciada/separada/casada,nenhum,4,"carro ou outro, não em conta poupança/títulos",28,nenhum,alugada,1,funcionário/funcionário qualificado,1,Nenhum,Sim,Bom
 ... <  0 Marco Alemão,24,créditos existentes pagos devidamente até agora,rádio/televisão,1282,100 <= ... <  500 Marco Alemão,1  <= ... < 4 anos,4,Mulher: divorciada/separada/casada,nenhum,2,"carro ou outro, não em conta poupança/títulos",32,nenhum,própria,1,não qualificado - residente,1,Nenhum,Sim,Ruim
sem conta corrente,24,conta crítica/outros créditos existentes (não neste banco),rádio/televisão,2424,desconhecido/sem conta poupança, ... >= 7 anos,4,Homem: solteiro,nenhum,4,contrato de poupança/seguro de vida da sociedade civil,53,nenhum,própria,2,funcionário/funcionário qualificado,1,Nenhum,Sim,Bom
 ... <  0 Marco Alemão,30,nenhum crédito obtido/todos os créditos pagos devidamente,negócios,8072,desconhecido/sem conta poupança,... < 1 ano,2,Homem: solteiro,nenhum,3,"carro ou outro, não em conta poupança/títulos",25,banco,própria,3,funcionário/funcionário qualificado,1,Nenhum,Sim,Bom
0 <= ... < 200 Marco Alemão,24,créditos existentes pagos devidamente até agora,carro (usado),12579,... <  100 Marco Alemão, ... >= 7 anos,4,Mulher: divorciada/separada/casada,nenhum,2,desconhecido/sem propriedade,44,nenhum,de graça,1,gestão / autônomo / funcionário / diretor altamente qualificado,1,"Sim, registrado em nome do cliente",Sim,Ruim
sem conta corrente,24,créditos existentes pagos devidamente até agora,rádio/televisão,3430,500 <= ... < 1000 Marco Alemão, ... >= 7 anos,3,Homem: solteiro,nenhum,2,"carro ou outro, não em conta poupança/títulos",31,nenhum,própria,1,funcionário/funcionário qualificado,2,"Sim, registrado em nome do cliente",Sim,Bom
sem conta corrente,9,conta crítica/outros créditos existentes (não neste banco),carro (novo),2134,... <  100 Marco Alemão,1  <= ... < 4 anos,4,Homem: solteiro,nenhum,4,"carro ou outro, não em conta poupança/títulos",48,nenhum,própria,3,funcionário/funcionário qualificado,1,"Sim, registrado em nome do cliente",Sim,Bom
 ... <  0 Marco Alemão,6,créditos existentes pagos devidamente até agora,rádio/televisão,2647,500 <= ... < 1000 Marco Alemão,1  <= ... < 4 anos,2,Homem: solteiro,nenhum,3,imobiliária,44,nenhum,alugada,1,funcionário/funcionário qualificado,2,Nenhum,Sim,Bom
 ... <  0 Marco Alemão,10,conta crítica/outros créditos existentes (não neste banco),carro (novo),2241,... <  100 Marco Alemão,... < 1 ano,1,Homem: solteiro,nenhum,3,imobiliária,48,nenhum,alugada,2,não qualificado - residente,2,Nenhum,Não,Bom
0 <= ... < 200 Marco Alemão,12,conta crítica/outros créditos existentes (não neste banco),carro (usado),1804,100 <= ... <  500 Marco Alemão,... < 1 ano,3,Homem: solteiro,nenhum,4,contrato de poupança/seguro de vida da sociedade civil,44,nenhum,própria,1,funcionário/funcionário qualificado,1,Nenhum,Sim,Bom
sem conta corrente,10,conta crítica/outros créditos existentes (não neste banco),móveis/equipamentos,2069,desconhecido/sem conta poupança,1  <= ... < 4 anos,2,Homem: casado/viúvo,nenhum,1,"carro ou outro, não em conta poupança/títulos",26,nenhum,própria,2,funcionário/funcionário qualificado,1,Nenhum,Não,Bom
 ... <  0 Marco Alemão,6,créditos existentes pagos devidamente até agora,móveis/equipamentos,1374,... <  100 Marco Alemão,1  <= ... < 4 anos,1,Homem: solteiro,nenhum,2,imobiliária,36,banco,própria,1,não qualificado - residente,1,"Sim, registrado em nome do cliente",Sim,Bom
sem conta corrente,6,nenhum crédito obtido/todos os créditos pagos devidamente,rádio/televisão,426,... <  100 Marco Alemão, ... >= 7 anos,4,Homem: casado/viúvo,nenhum,4,"carro ou outro, não em conta poupança/títulos",39,nenhum,própria,1,não qualificado - residente,1,Nenhum,Sim,Bom
... >= 200 Marco Alemão/ atribuições salariais por pelo menos 1 ano,12,todos os créditos deste banco foram devidamente pagos,rádio/televisão,409, ... >= 1000 Marco Alemão,1  <= ... < 4 anos,3,Mulher: divorciada/separada/casada,nenhum,3,imobiliária,42,nenhum,alugada,2,funcionário/funcionário qualificado,1,Nenhum,Sim,Bom
0 <= ... < 200 Marco Alemão,7,créditos existentes pagos devidamente até agora,rádio/televisão,2415,... <  100 Marco Alemão,1  <= ... < 4 anos,3,Homem: solteiro,fiador,2,imobiliária,34,nenhum,própria,1,funcionário/funcionário qualificado,1,Nenhum,Sim,Bom
 ... <  0 Marco Alemão,60,atraso no pagamento no passado,negócios,6836,... <  100 Marco Alemão, ... >= 7 anos,3,Homem: solteiro,nenhum,4,desconhecido/sem propriedade,63,nenhum,própria,2,funcionário/funcionário qualificado,1,"Sim, registrado em nome do cliente",Sim,Ruim
0 <= ... < 200 Marco Alemão,18,créditos existentes pagos devidamente até agora,negócios,1913, ... >= 1000 Marco Alemão,... < 1 ano,3,Homem: casado/viúvo,nenhum,3,imobiliária,36,banco,própria,1,funcionário/funcionário qualificado,1,"Sim, registrado em nome do cliente",Sim,Bom
 ... <  0 Marco Alemão,24,créditos existentes pagos devidamente até agora,móveis/equipamentos,4020,... <  100 Marco Alemão,1  <= ... < 4 anos,2,Homem: solteiro,nenhum,2,"carro ou outro, não em conta poupança/títulos",27,lojas,própria,1,funcionário/funcionário qualificado,1,Nenhum,Sim,Bom
0 <= ... < 200 Marco Alemão,18,créditos existentes pagos devidamente até agora,carro (novo),5866,100 <= ... <  500 Marco Alemão,1  <= ... < 4 anos,2,Homem: solteiro,nenhum,2,"carro ou outro, não em conta poupança/títulos",30,nenhum,própria,2,funcionário/funcionário qualificado,1,"Sim, registrado em nome do cliente",Sim,Bom
sem conta corrente,12,conta crítica/outros créditos existentes (não neste banco),negócios,1264,desconhecido/sem conta poupança, ... >= 7 anos,4,Homem: solteiro,nenhum,4,desconhecido/sem propriedade,57,nenhum,alugada,1,não qualificado - residente,1,Nenhum,Sim,Bom
... >= 200 Marco Alemão/ atribuições salariais por pelo menos 1 ano,12,créditos existentes pagos devidamente até agora,móveis/equipamentos,1474,... <  100 Marco Alemão,... < 1 ano,4,Mulher: divorciada/separada/casada,nenhum,1,contrato de poupança/seguro de vida da sociedade civil,33,banco,própria,1,gestão / autônomo / funcionário / diretor altamente qualificado,1,"Sim, registrado em nome do cliente",Sim,Bom
0 <= ... < 200 Marco Alemão,45,conta crítica/outros créditos existentes (não neste banco),rádio/televisão,4746,... <  100 Marco Alemão,... < 1 ano,4,Homem: solteiro,nenhum,2,contrato de poupança/seguro de vida da sociedade civil,25,nenhum,própria,2,não qualificado - residente,1,Nenhum,Sim,Ruim
sem conta corrente,48,conta crítica/outros créditos existentes (não neste banco),educação,6110,... <  100 Marco Alemão,1  <= ... < 4 anos,1,Homem: solteiro,nenhum,3,desconhecido/sem propriedade,31,banco,de graça,1,funcionário/funcionário qualificado,1,"Sim, registrado em nome do cliente",Sim,Bom
... >= 200 Marco Alemão/ atribuições salariais por pelo menos 1 ano,18,créditos existentes pagos devidamente até agora,rádio/televisão,2100,... <  100 Marco Alemão,1  <= ... < 4 anos,4,Homem: solteiro,co-requerente,2,imobiliária,37,lojas,própria,1,funcionário/funcionário qualificado,1,Nenhum,Sim,Ruim
... >= 200 Marco Alemão/ atribuições salariais por pelo menos 1 ano,10,créditos existentes pagos devidamente até agora,eletrodomésticos,1225,... <  100 Marco Alemão,1  <= ... < 4 anos,2,Homem: solteiro,nenhum,2,"carro ou outro, não em conta poupança/títulos",37,nenhum,própria,1,funcionário/funcionário qualificado,1,"Sim, registrado em nome do cliente",Sim,Bom
0 <= ... < 200 Marco Alemão,9,créditos existentes pagos devidamente até agora,rádio/televisão,458,... <  100 Marco Alemão,1  <= ... < 4 anos,4,Homem: solteiro,nenhum,3,imobiliária,24,nenhum,própria,1,funcionário/funcionário qualificado,1,Nenhum,Sim,Bom
sem conta corrente,30,créditos existentes pagos devidamente até agora,rádio/televisão,2333,500 <= ... < 1000 Marco Alemão, ... >= 7 anos,4,Homem: solteiro,nenhum,2,"carro ou outro, não em conta poupança/títulos",30,banco,própria,1,gestão / autônomo / funcionário / diretor altamente qualificado,1,Nenhum,Sim,Bom
0 <= ... < 200 Marco Alemão,12,créditos existentes pagos devidamente até agora,rádio/televisão,1158,500 <= ... < 1000 Marco Alemão,1  <= ... < 4 anos,3,Homem: divorciado/separado,nenhum,1,"carro ou outro, não em conta poupança/títulos",26,nenhum,própria,1,funcionário/funcionário qualificado,1,"Sim, registrado em nome do cliente",Sim,Bom
0 <= ... < 200 Marco Alemão,18,atraso no pagamento no passado,reparos,6204,... <  100 Marco Alemão,1  <= ... < 4 anos,2,Homem: solteiro,nenhum,4,imobiliária,44,nenhum,própria,1,não qualificado - residente,2,"Sim, registrado em nome do cliente",Sim,Bom
 ... <  0 Marco Alemão,30,conta crítica/outros créditos existentes (não neste banco),carro (usado),6187,100 <= ... <  500 Marco Alemão,4  <= ... < 7 anos,1,Homem: casado/viúvo,nenhum,4,"carro ou outro, não em conta poupança/títulos",24,nenhum,alugada,2,funcionário/funcionário qualificado,1,Nenhum,Sim,Bom
 ... <  0 Marco Alemão,48,conta crítica/outros créditos existentes (não neste banco),carro (usado),6143,... <  100 Marco Alemão, ... >= 7 anos,4,Mulher: divorciada/separada/casada,nenhum,4,desconhecido/sem propriedade,58,lojas,de graça,2,não qualificado - residente,1,Nenhum,Sim,Ruim
sem conta corrente,11,conta crítica/outros créditos existentes (não neste banco),carro (novo),1393,... <  100 Marco Alemão,... < 1 ano,4,Mulher: divorciada/separada/casada,nenhum,4,"carro ou outro, não em conta poupança/títulos",35,nenhum,própria,2,gestão / autônomo / funcionário / diretor altamente qualificado,1,Nenhum,Sim,Bom
sem conta corrente,36,créditos existentes pagos devidamente até agora,rádio/televisão,2299,500 <= ... < 1000 Marco Alemão, ... >= 7 anos,4,Homem: solteiro,nenhum,4,"carro ou outro, não em conta poupança/títulos",39,nenhum,própria,1,funcionário/funcionário qualificado,1,Nenhum,Sim,Bom
 ... <  0 Marco Alemão,6,créditos existentes pagos devidamente até agora,carro (usado),1352,500 <= ... < 1000 Marco Alemão,desempregado,1,Mulher: divorciada/separada/casada,nenhum,2,contrato de poupança/seguro de vida da sociedade civil,23,nenhum,alugada,1,desempregado/não qualificado - não residente,1,"Sim, registrado em nome do cliente",Sim,Bom
sem conta corrente,11,conta crítica/outros créditos existentes (não neste banco),carro (novo),7228,... <  100 Marco Alemão,1  <= ... < 4 anos,1,Homem: solteiro,nenhum,4,contrato de poupança/seguro de vida da sociedade civil,39,nenhum,própria,2,não qualificado - residente,1,Nenhum,Sim,Bom
sem conta corrente,12,créditos existentes pagos devidamente até agora,rádio/televisão,2073,100 <= ... <  500 Marco Alemão,1  <= ... < 4 anos,4,Mulher: divorciada/separada/casada,co-requerente,2,imobiliária,28,nenhum,própria,1,funcionário/funcionário qualificado,1,Nenhum,Sim,Bom
0 <= ... < 200 Marco Alemão,24,atraso no pagamento no passado,móveis/equipamentos,2333,desconhecido/sem conta poupança,... < 1 ano,4,Homem: solteiro,nenhum,2,contrato de poupança/seguro de vida da sociedade civil,29,banco,própria,1,não qualificado - residente,1,Nenhum,Sim,Bom
0 <= ... < 200 Marco Alemão,27,atraso no pagamento no passado,carro (usado),5965,... <  100 Marco Alemão, ... >= 7 anos,1,Homem: solteiro,nenhum,2,"carro ou outro, não em conta poupança/títulos",30,nenhum,própria,2,gestão / autônomo / funcionário / diretor altamente qualificado,1,"Sim, registrado em nome do cliente",Sim,Bom
sem conta corrente,12,créditos existentes pagos devidamente até agora,rádio/televisão,1262,... <  100 Marco Alemão,1  <= ... < 4 anos,3,Homem: solteiro,nenhum,2,"carro ou outro, não em conta poupança/títulos",25,nenhum,própria,1,funcionário/funcionário qualificado,1,Nenhum,Sim,Bom
sem conta corrente,18,créditos existentes pagos devidamente até agora,carro (usado),3378,desconhecido/sem conta poupança,1  <= ... < 4 anos,2,Homem: solteiro,nenhum,1,contrato de poupança/seguro de vida da sociedade civil,31,nenhum,própria,1,funcionário/funcionário qualificado,1,"Sim, registrado em nome do cliente",Sim,Bom
0 <= ... < 200 Marco Alemão,36,atraso no pagamento no passado,carro (novo),2225,... <  100 Marco Alemão, ... >= 7 anos,4,Homem: solteiro,nenhum,4,desconhecido/sem propriedade,57,banco,de graça,2,funcionário/funcionário qualificado,1,"Sim, registrado em nome do cliente",Sim,Ruim
sem conta corrente,6,todos os créditos deste banco foram devidamente pagos,carro (novo),783,desconhecido/sem conta poupança,1  <= ... < 4 anos,1,Homem: solteiro,fiador,2,imobiliária,26,lojas,própria,1,não qualificado - residente,2,Nenhum,Sim,Bom
0 <= ... < 200 Marco Alemão,12,créditos existentes pagos devidamente até agora,rádio/televisão,6468,desconhecido/sem conta poupança,desempregado,2,Homem: solteiro,nenhum,1,desconhecido/sem propriedade,52,nenhum,própria,1,gestão / autônomo / funcionário / diretor altamente qualificado,1,"Sim, registrado em nome do cliente",Sim,Ruim
sem conta corrente,36,conta crítica/outros créditos existentes (não neste banco),rádio/televisão,9566,... <  100 Marco Alemão,1  <= ... < 4 anos,2,Mulher: divorciada/separada/casada,nenhum,2,"carro ou outro, não em conta poupança/títulos",31,lojas,própria,2,funcionário/funcionário qualificado,1,Nenhum,Sim,Bom
... >= 200 Marco Alemão/ atribuições salariais por pelo menos 1 ano,18,créditos existentes pagos devidamente até agora,carro (novo),1961,... <  100 Marco Alemão, ... >= 7 anos,3,Mulher: divorciada/separada/casada,nenhum,2,"carro ou outro, não em conta poupança/títulos",23,nenhum,própria,1,gestão / autônomo / funcionário / diretor altamente qualificado,1,Nenhum,Sim,Bom
 ... <  0 Marco Alemão,36,conta crítica/outros créditos existentes (não neste banco),móveis/equipamentos,6229,... <  100 Marco Alemão,... < 1 ano,4,Mulher: divorciada/separada/casada,co-requerente,4,desconhecido/sem propriedade,23,nenhum,alugada,2,não qualificado - residente,1,"Sim, registrado em nome do cliente",Sim,Ruim
0 <= ... < 200 Marco Alemão,9,créditos existentes pagos devidamente até agora,negócios,1391,... <  100 Marco Alemão,1  <= ... < 4 anos,2,Homem: casado/viúvo,nenhum,1,imobiliária,27,banco,própria,1,funcionário/funcionário qualificado,1,"Sim, registrado em nome do cliente",Sim,Bom
0 <= ... < 200 Marco Alemão,15,conta crítica/outros créditos existentes (não neste banco),rádio/televisão,1537,desconhecido/sem conta poupança, ... >= 7 anos,4,Homem: solteiro,fiador,4,imobiliária,50,nenhum,própria,2,funcionário/funcionário qualificado,1,"Sim, registrado em nome do cliente",Sim,Bom
0 <= ... < 200 Marco Alemão,36,nenhum crédito obtido/todos os créditos pagos devidamente,negócios,1953,... <  100 Marco Alemão, ... >= 7 anos,4,Homem: solteiro,nenhum,4,desconhecido/sem propriedade,61,nenhum,de graça,1,gestão / autônomo / funcionário / diretor altamente qualificado,1,"Sim, registrado em nome do cliente",Sim,Ruim
0 <= ... < 200 Marco Alemão,48,nenhum crédito obtido/todos os créditos pagos devidamente,negócios,14421,... <  100 Marco Alemão,1  <= ... < 4 anos,2,Homem: solteiro,nenhum,2,"carro ou outro, não em conta poupança/títulos",25,nenhum,própria,1,funcionário/funcionário qualificado,1,"Sim, registrado em nome do cliente",Sim,Ruim
sem conta corrente,24,créditos existentes pagos devidamente até agora,rádio/televisão,3181,... <  100 Marco Alemão,... < 1 ano,4,Mulher: divorciada/separada/casada,nenhum,4,contrato de poupança/seguro de vida da sociedade civil,26,nenhum,própria,1,funcionário/funcionário qualificado,1,"Sim, registrado em nome do cliente",Sim,Bom
sem conta corrente,27,créditos existentes pagos devidamente até agora,reparos,5190,desconhecido/sem conta poupança, ... >= 7 anos,4,Homem: solteiro,nenhum,4,contrato de poupança/seguro de vida da sociedade civil,48,nenhum,própria,4,funcionário/funcionário qualificado,2,"Sim, registrado em nome do cliente",Sim,Bom
sem conta corrente,12,créditos existentes pagos devidamente até agora,rádio/televisão,2171,... <  100 Marco Alemão,... < 1 ano,2,Mulher: divorciada/separada/casada,nenhum,2,"carro ou outro, não em conta poupança/títulos",29,banco,própria,1,funcionário/funcionário qualificado,1,Nenhum,Sim,Bom
0 <= ... < 200 Marco Alemão,12,créditos existentes pagos devidamente até agora,carro (novo),1007, ... >= 1000 Marco Alemão,1  <= ... < 4 anos,4,Homem: casado/viúvo,nenhum,1,imobiliária,22,nenhum,própria,1,funcionário/funcionário qualificado,1,Nenhum,Sim,Bom
sem conta corrente,36,créditos existentes pagos devidamente até agora,educação,1819,... <  100 Marco Alemão,1  <= ... < 4 anos,4,Homem: solteiro,nenhum,4,desconhecido/sem propriedade,37,lojas,de graça,1,funcionário/funcionário qualificado,1,"Sim, registrado em nome do cliente",Sim,Ruim
sem conta corrente,36,créditos existentes pagos devidamente até agora,rádio/televisão,2394,desconhecido/sem conta poupança,1  <= ... < 4 anos,4,Mulher: divorciada/separada/casada,nenhum,4,"carro ou outro, não em conta poupança/títulos",25,nenhum,própria,1,funcionário/funcionário qualificado,1,Nenhum,Sim,Bom
sem conta corrente,36,créditos existentes pagos devidamente até agora,carro (usado),8133,... <  100 Marco Alemão,1  <= ... < 4 anos,1,Mulher: divorciada/separada/casada,nenhum,2,contrato de poupança/seguro de vida da sociedade civil,30,banco,própria,1,funcionário/funcionário qualificado,1,Nenhum,Sim,Bom
sem conta corrente,7,conta crítica/outros créditos existentes (não neste banco),rádio/televisão,730,desconhecido/sem conta poupança, ... >= 7 anos,4,Homem: solteiro,nenhum,2,contrato de poupança/seguro de vida da sociedade civil,46,nenhum,alugada,2,não qualificado - residente,1,"Sim, registrado em nome do cliente",Sim,Bom
 ... <  0 Marco Alemão,8,conta crítica/outros créditos existentes (não neste banco),carro (usado)0,1164,... <  100 Marco Alemão, ... >= 7 anos,3,Homem: solteiro,nenhum,4,desconhecido/sem propriedade,51,banco,de graça,2,gestão / autônomo / funcionário / diretor altamente qualificado,2,"Sim, registrado em nome do cliente",Sim,Bom
0 <= ... < 200 Marco Alemão,42,conta crítica/outros créditos existentes (não neste banco),negócios,5954,... <  100 Marco Alemão,4  <= ... < 7 anos,2,Mulher: divorciada/separada/casada,nenhum,1,imobiliária,41,banco,própria,2,não qualificado - residente,1,Nenhum,Sim,Bom
 ... <  0 Marco Alemão,36,créditos existentes pagos devidamente até agora,educação,1977,desconhecido/sem conta poupança, ... >= 7 anos,4,Homem: solteiro,nenhum,4,desconhecido/sem propriedade,40,nenhum,própria,1,gestão / autônomo / funcionário / diretor altamente qualificado,1,"Sim, registrado em nome do cliente",Sim,Ruim
 ... <  0 Marco Alemão,12,conta crítica/outros créditos existentes (não neste banco),carro (usado),1526,... <  100 Marco Alemão, ... >= 7 anos,4,Homem: solteiro,nenhum,4,desconhecido/sem propriedade,66,nenhum,de graça,2,gestão / autônomo / funcionário / diretor altamente qualificado,1,Nenhum,Sim,Bom
 ... <  0 Marco Alemão,42,créditos existentes pagos devidamente até agora,rádio/televisão,3965,... <  100 Marco Alemão,... < 1 ano,4,Homem: solteiro,nenhum,3,"carro ou outro, não em conta poupança/títulos",34,nenhum,própria,1,funcionário/funcionário qualificado,1,Nenhum,Sim,Ruim
0 <= ... < 200 Marco Alemão,11,atraso no pagamento no passado,rádio/televisão,4771,... <  100 Marco Alemão,4  <= ... < 7 anos,2,Homem: solteiro,nenhum,4,contrato de poupança/seguro de vida da sociedade civil,51,nenhum,própria,1,funcionário/funcionário qualificado,1,Nenhum,Sim,Bom
sem conta corrente,54,nenhum crédito obtido/todos os créditos pagos devidamente,carro (usado),9436,desconhecido/sem conta poupança,1  <= ... < 4 anos,2,Homem: solteiro,nenhum,2,contrato de poupança/seguro de vida da sociedade civil,39,nenhum,própria,1,não qualificado - residente,2,Nenhum,Sim,Bom
0 <= ... < 200 Marco Alemão,30,créditos existentes pagos devidamente até agora,móveis/equipamentos,3832,... <  100 Marco Alemão,... < 1 ano,2,Homem: casado/viúvo,nenhum,1,contrato de poupança/seguro de vida da sociedade civil,22,nenhum,própria,1,funcionário/funcionário qualificado,1,Nenhum,Sim,Bom
sem conta corrente,24,créditos existentes pagos devidamente até agora,rádio/televisão,5943,desconhecido/sem conta poupança,... < 1 ano,1,Mulher: divorciada/separada/casada,nenhum,1,"carro ou outro, não em conta poupança/títulos",44,nenhum,própria,2,funcionário/funcionário qualificado,1,"Sim, registrado em nome do cliente",Sim,Ruim
sem conta corrente,15,créditos existentes pagos devidamente até agora,rádio/televisão,1213,500 <= ... < 1000 Marco Alemão, ... >= 7 anos,4,Homem: solteiro,nenhum,3,contrato de poupança/seguro de vida da sociedade civil,47,lojas,própria,1,funcionário/funcionário qualificado,1,"Sim, registrado em nome do cliente",Sim,Bom
sem conta corrente,18,créditos existentes pagos devidamente até agora,negócios,1568,100 <= ... <  500 Marco Alemão,1  <= ... < 4 anos,3,Mulher: divorciada/separada/casada,nenhum,4,contrato de poupança/seguro de vida da sociedade civil,24,nenhum,alugada,1,não qualificado - residente,1,Nenhum,Sim,Bom
 ... <  0 Marco Alemão,24,créditos existentes pagos devidamente até agora,carro (usado)0,1755,... <  100 Marco Alemão, ... >= 7 anos,4,Mulher: divorciada/separada/casada,fiador,4,imobiliária,58,nenhum,própria,1,não qualificado - residente,1,"Sim, registrado em nome do cliente",Sim,Bom
 ... <  0 Marco Alemão,10,créditos existentes pagos devidamente até agora,rádio/televisão,2315,... <  100 Marco Alemão, ... >= 7 anos,3,Homem: solteiro,nenhum,4,imobiliária,52,nenhum,própria,1,não qualificado - residente,1,Nenhum,Sim,Bom
sem conta corrente,12,conta crítica/outros créditos existentes (não neste banco),negócios,1412,... <  100 Marco Alemão,1  <= ... < 4 anos,4,Mulher: divorciada/separada/casada,fiador,2,imobiliária,29,nenhum,própria,2,gestão / autônomo / funcionário / diretor altamente qualificado,1,"Sim, registrado em nome do cliente",Sim,Bom
0 <= ... < 200 Marco Alemão,18,conta crítica/outros créditos existentes (não neste banco),móveis/equipamentos,1295,... <  100 Marco Alemão,... < 1 ano,4,Mulher: divorciada/separada/casada,nenhum,1,contrato de poupança/seguro de vida da sociedade civil,27,nenhum,própria,2,funcionário/funcionário qualificado,1,Nenhum,Sim,Bom
0 <= ... < 200 Marco Alemão,36,créditos existentes pagos devidamente até agora,educação,12612,100 <= ... <  500 Marco Alemão,1  <= ... < 4 anos,1,Homem: solteiro,nenhum,4,desconhecido/sem propriedade,47,nenhum,de graça,1,funcionário/funcionário qualificado,2,"Sim, registrado em nome do cliente",Sim,Ruim
 ... <  0 Marco Alemão,18,créditos existentes pagos devidamente até agora,carro (novo),2249,100 <= ... <  500 Marco Alemão,4  <= ... < 7 anos,4,Homem: solteiro,nenhum,3,"carro ou outro, não em conta poupança/títulos",30,nenhum,própria,1,gestão / autônomo / funcionário / diretor altamente qualificado,2,"Sim, registrado em nome do cliente",Sim,Bom
 ... <  0 Marco Alemão,12,nenhum crédito obtido/todos os créditos pagos devidamente,reparos,1108,... <  100 Marco Alemão,4  <= ... < 7 anos,4,Homem: solteiro,nenhum,3,imobiliária,28,nenhum,própria,2,funcionário/funcionário qualificado,1,Nenhum,Sim,Ruim
sem conta corrente,12,conta crítica/outros créditos existentes (não neste banco),rádio/televisão,618,... <  100 Marco Alemão, ... >= 7 anos,4,Homem: solteiro,nenhum,4,imobiliária,56,nenhum,própria,1,funcionário/funcionário qualificado,1,Nenhum,Sim,Bom
 ... <  0 Marco Alemão,12,conta crítica/outros créditos existentes (não neste banco),carro (usado),1409,... <  100 Marco Alemão, ... >= 7 anos,4,Homem: solteiro,nenhum,3,imobiliária,54,nenhum,própria,1,funcionário/funcionário qualificado,1,Nenhum,Sim,Bom
sem conta corrente,12,conta crítica/outros créditos existentes (não neste banco),rádio/televisão,797,desconhecido/sem conta poupança, ... >= 7 anos,4,Mulher: divorciada/separada/casada,nenhum,3,contrato de poupança/seguro de vida da sociedade civil,33,banco,própria,1,não qualificado - residente,2,Nenhum,Sim,Ruim
... >= 200 Marco Alemão/ atribuições salariais por pelo menos 1 ano,24,conta crítica/outros créditos existentes (não neste banco),móveis/equipamentos,3617,desconhecido/sem conta poupança, ... >= 7 anos,4,Homem: solteiro,co-requerente,4,desconhecido/sem propriedade,20,nenhum,alugada,2,funcionário/funcionário qualificado,1,Nenhum,Sim,Bom
0 <= ... < 200 Marco Alemão,12,créditos existentes pagos devidamente até agora,carro (novo),1318, ... >= 1000 Marco Alemão, ... >= 7 anos,4,Homem: solteiro,nenhum,4,imobiliária,54,nenhum,própria,1,funcionário/funcionário qualificado,1,"Sim, registrado em nome do cliente",Sim,Bom
0 <= ... < 200 Marco Alemão,54,nenhum crédito obtido/todos os créditos pagos devidamente,negócios,15945,... <  100 Marco Alemão,... < 1 ano,3,Homem: solteiro,nenhum,4,desconhecido/sem propriedade,58,nenhum,alugada,1,funcionário/funcionário qualificado,1,"Sim, registrado em nome do cliente",Sim,Ruim
sem conta corrente,12,conta crítica/outros créditos existentes (não neste banco),educação,2012,desconhecido/sem conta poupança,4  <= ... < 7 anos,4,Mulher: divorciada/separada/casada,nenhum,2,"carro ou outro, não em conta poupança/títulos",61,nenhum,própria,1,funcionário/funcionário qualificado,1,Nenhum,Sim,Bom
0 <= ... < 200 Marco Alemão,18,créditos existentes pagos devidamente até agora,negócios,2622,100 <= ... <  500 Marco Alemão,1  <= ... < 4 anos,4,Homem: solteiro,nenhum,4,"carro ou outro, não em conta poupança/títulos",34,nenhum,própria,1,funcionário/funcionário qualificado,1,Nenhum,Sim,Bom
0 <= ... < 200 Marco Alemão,36,conta crítica/outros créditos existentes (não neste banco),rádio/televisão,2337,... <  100 Marco Alemão, ... >= 7 anos,4,Homem: solteiro,nenhum,4,imobiliária,36,nenhum,própria,1,funcionário/funcionário qualificado,1,Nenhum,Sim,Bom
0 <= ... < 200 Marco Alemão,20,atraso no pagamento no passado,carro (usado),7057,desconhecido/sem conta poupança,4  <= ... < 7 anos,3,Homem: solteiro,nenhum,4,contrato de poupança/seguro de vida da sociedade civil,36,banco,alugada,2,gestão / autônomo / funcionário / diretor altamente qualificado,2,"Sim, registrado em nome do cliente",Sim,Bom
sem conta corrente,24,créditos existentes pagos devidamente até agora,carro (novo),1469,100 <= ... <  500 Marco Alemão, ... >= 7 anos,4,Homem: casado/viúvo,nenhum,4,imobiliária,41,nenhum,alugada,1,não qualificado - residente,1,Nenhum,Sim,Bom
0 <= ... < 200 Marco Alemão,36,créditos existentes pagos devidamente até agora,rádio/televisão,2323,... <  100 Marco Alemão,4  <= ... < 7 anos,4,Homem: solteiro,nenhum,4,"carro ou outro, não em conta poupança/títulos",24,nenhum,alugada,1,funcionário/funcionário qualificado,1,Nenhum,Sim,Bom
sem conta corrente,6,atraso no pagamento no passado,rádio/televisão,932,... <  100 Marco Alemão,1  <= ... < 4 anos,3,Mulher: divorciada/separada/casada,nenhum,2,imobiliária,24,nenhum,própria,1,funcionário/funcionário qualificado,1,Nenhum,Sim,Bom
0 <= ... < 200 Marco Alemão,9,conta crítica/outros créditos existentes (não neste banco),móveis/equipamentos,1919,... <  100 Marco Alemão,4  <= ... < 7 anos,4,Homem: solteiro,nenhum,3,"carro ou outro, não em conta poupança/títulos",35,nenhum,alugada,1,funcionário/funcionário qualificado,1,"Sim, registrado em nome do cliente",Sim,Bom
sem conta corrente,12,créditos existentes pagos devidamente até agora,carro (usado),2445,desconhecido/sem conta poupança,... < 1 ano,2,Homem: casado/viúvo,nenhum,4,"carro ou outro, não em conta poupança/títulos",26,nenhum,alugada,1,funcionário/funcionário qualificado,1,"Sim, registrado em nome do cliente",Sim,Bom
0 <= ... < 200 Marco Alemão,24,conta crítica/outros créditos existentes (não neste banco),carro (usado)0,11938,... <  100 Marco Alemão,1  <= ... < 4 anos,2,Homem: solteiro,co-requerente,3,"carro ou outro, não em conta poupança/títulos",39,nenhum,própria,2,gestão / autônomo / funcionário / diretor altamente qualificado,2,"Sim, registrado em nome do cliente",Sim,Ruim
sem conta corrente,18,todos os créditos deste banco foram devidamente pagos,carro (novo),6458,... <  100 Marco Alemão, ... >= 7 anos,2,Homem: solteiro,nenhum,4,desconhecido/sem propriedade,39,banco,própria,2,gestão / autônomo / funcionário / diretor altamente qualificado,2,"Sim, registrado em nome do cliente",Sim,Ruim
0 <= ... < 200 Marco Alemão,12,créditos existentes pagos devidamente até agora,carro (novo),6078,... <  100 Marco Alemão,4  <= ... < 7 anos,2,Homem: solteiro,nenhum,2,"carro ou outro, não em conta poupança/títulos",32,nenhum,própria,1,funcionário/funcionário qualificado,1,Nenhum,Sim,Bom
 ... <  0 Marco Alemão,24,créditos existentes pagos devidamente até agora,móveis/equipamentos,7721,desconhecido/sem conta poupança,... < 1 ano,1,Mulher: divorciada/separada/casada,nenhum,2,contrato de poupança/seguro de vida da sociedade civil,30,nenhum,própria,1,funcionário/funcionário qualificado,1,"Sim, registrado em nome do cliente",Não,Bom
0 <= ... < 200 Marco Alemão,14,créditos existentes pagos devidamente até agora,negócios,1410,500 <= ... < 1000 Marco Alemão, ... >= 7 anos,1,Homem: casado/viúvo,nenhum,2,imobiliária,35,nenhum,própria,1,funcionário/funcionário qualificado,1,"Sim, registrado em nome do cliente",Sim,Bom
0 <= ... < 200 Marco Alemão,6,atraso no pagamento no passado,negócios,1449,100 <= ... <  500 Marco Alemão, ... >= 7 anos,1,Homem: divorciado/separado,nenhum,2,"carro ou outro, não em conta poupança/títulos",31,banco,própria,2,funcionário/funcionário qualificado,2,Nenhum,Sim,Bom
... >= 200 Marco Alemão/ atribuições salariais por pelo menos 1 ano,15,créditos existentes pagos devidamente até agora,educação,392,... <  100 Marco Alemão,... < 1 ano,4,Mulher: divorciada/separada/casada,nenhum,4,contrato de poupança/seguro de vida da sociedade civil,23,nenhum,alugada,1,funcionário/funcionário qualificado,1,"Sim, registrado em nome do cliente",Sim,Bom
0 <= ... < 200 Marco Alemão,18,créditos existentes pagos devidamente até agora,carro (novo),6260,... <  100 Marco Alemão,4  <= ... < 7 anos,3,Homem: solteiro,nenhum,3,imobiliária,28,nenhum,alugada,1,não qualificado - residente,1,Nenhum,Sim,Bom
sem conta corrente,36,conta crítica/outros créditos existentes (não neste banco),carro (novo),7855,... <  100 Marco Alemão,1  <= ... < 4 anos,4,Mulher: divorciada/separada/casada,nenhum,2,imobiliária,25,lojas,própria,2,funcionário/funcionário qualificado,1,"Sim, registrado em nome do cliente",Sim,Ruim
 ... <  0 Marco Alemão,12,créditos existentes pagos devidamente até agora,rádio/televisão,1680,500 <= ... < 1000 Marco Alemão, ... >= 7 anos,3,Homem: casado/viúvo,nenhum,1,imobiliária,35,nenhum,própria,1,funcionário/funcionário qualificado,1,Nenhum,Sim,Bom
sem conta corrente,48,conta crítica/outros créditos existentes (não neste banco),rádio/televisão,3578,desconhecido/sem conta poupança, ... >= 7 anos,4,Homem: solteiro,nenhum,1,imobiliária,47,nenhum,própria,1,funcionário/funcionário qualificado,1,"Sim, registrado em nome do cliente",Sim,Bom
 ... <  0 Marco Alemão,42,créditos existentes pagos devidamente até agora,rádio/televisão,7174,desconhecido/sem conta poupança,4  <= ... < 7 anos,4,Mulher: divorciada/separada/casada,nenhum,3,"carro ou outro, não em conta poupança/títulos",30,nenhum,própria,1,gestão / autônomo / funcionário / diretor altamente qualificado,1,"Sim, registrado em nome do cliente",Sim,Ruim
 ... <  0 Marco Alemão,10,conta crítica/outros créditos existentes (não neste banco),móveis/equipamentos,2132,desconhecido/sem conta poupança,... < 1 ano,2,Mulher: divorciada/separada/casada,co-requerente,3,imobiliária,27,nenhum,alugada,2,funcionário/funcionário qualificado,1,Nenhum,Não,Bom
 ... <  0 Marco Alemão,33,conta crítica/outros créditos existentes (não neste banco),móveis/equipamentos,4281,500 <= ... < 1000 Marco Alemão,1  <= ... < 4 anos,1,Mulher: divorciada/separada/casada,nenhum,4,"carro ou outro, não em conta poupança/títulos",23,nenhum,própria,2,funcionário/funcionário qualificado,1,Nenhum,Sim,Ruim
0 <= ... < 200 Marco Alemão,12,conta crítica/outros créditos existentes (não neste banco),carro (novo),2366,500 <= ... < 1000 Marco Alemão,4  <= ... < 7 anos,3,Homem: divorciado/separado,nenhum,3,"carro ou outro, não em conta poupança/títulos",36,nenhum,própria,1,gestão / autônomo / funcionário / diretor altamente qualificado,1,"Sim, registrado em nome do cliente",Sim,Bom
 ... <  0 Marco Alemão,21,créditos existentes pagos devidamente até agora,rádio/televisão,1835,... <  100 Marco Alemão,1  <= ... < 4 anos,3,Mulher: divorciada/separada/casada,nenhum,2,imobiliária,25,nenhum,própria,2,funcionário/funcionário qualificado,1,"Sim, registrado em nome do cliente",Sim,Ruim
sem conta corrente,24,conta crítica/outros créditos existentes (não neste banco),carro (usado),3868,... <  100 Marco Alemão, ... >= 7 anos,4,Mulher: divorciada/separada/casada,nenhum,2,"carro ou outro, não em conta poupança/títulos",41,nenhum,alugada,2,gestão / autônomo / funcionário / diretor altamente qualificado,1,"Sim, registrado em nome do cliente",Sim,Bom
sem conta corrente,12,créditos existentes pagos devidamente até agora,móveis/equipamentos,1768,... <  100 Marco Alemão,1  <= ... < 4 anos,3,Homem: solteiro,nenhum,2,imobiliária,24,nenhum,alugada,1,não qualificado - residente,1,Nenhum,Sim,Bom
... >= 200 Marco Alemão/ atribuições salariais por pelo menos 1 ano,10,conta crítica/outros créditos existentes (não neste banco),carro (novo),781,... <  100 Marco Alemão, ... >= 7 anos,4,Homem: solteiro,nenhum,4,desconhecido/sem propriedade,63,nenhum,de graça,2,funcionário/funcionário qualificado,1,"Sim, registrado em nome do cliente",Sim,Bom
0 <= ... < 200 Marco Alemão,18,créditos existentes pagos devidamente até agora,móveis/equipamentos,1924,desconhecido/sem conta poupança,... < 1 ano,4,Mulher: divorciada/separada/casada,nenhum,3,imobiliária,27,nenhum,alugada,1,funcionário/funcionário qualificado,1,Nenhum,Sim,Ruim
 ... <  0 Marco Alemão,12,conta crítica/outros créditos existentes (não neste banco),carro (novo),2121,... <  100 Marco Alemão,1  <= ... < 4 anos,4,Homem: solteiro,nenhum,2,contrato de poupança/seguro de vida da sociedade civil,30,nenhum,própria,2,funcionário/funcionário qualificado,1,Nenhum,Sim,Bom
 ... <  0 Marco Alemão,12,créditos existentes pagos devidamente até agora,rádio/televisão,701,... <  100 Marco Alemão,1  <= ... < 4 anos,4,Homem: casado/viúvo,nenhum,2,imobiliária,40,nenhum,própria,1,não qualificado - residente,1,Nenhum,Sim,Bom
0 <= ... < 200 Marco Alemão,12,créditos existentes pagos devidamente até agora,reparos,639,... <  100 Marco Alemão,1  <= ... < 4 anos,4,Homem: solteiro,nenhum,2,"carro ou outro, não em conta poupança/títulos",30,nenhum,própria,1,funcionário/funcionário qualificado,1,Nenhum,Sim,Ruim
0 <= ... < 200 Marco Alemão,12,conta crítica/outros créditos existentes (não neste banco),carro (usado),1860,... <  100 Marco Alemão,desempregado,4,Homem: solteiro,nenhum,2,"carro ou outro, não em conta poupança/títulos",34,nenhum,própria,2,gestão / autônomo / funcionário / diretor altamente qualificado,1,"Sim, registrado em nome do cliente",Sim,Bom
 ... <  0 Marco Alemão,12,conta crítica/outros créditos existentes (não neste banco),carro (novo),3499,... <  100 Marco Alemão,1  <= ... < 4 anos,3,Mulher: divorciada/separada/casada,co-requerente,2,imobiliária,29,nenhum,própria,2,funcionário/funcionário qualificado,1,Nenhum,Sim,Ruim
0 <= ... < 200 Marco Alemão,48,créditos existentes pagos devidamente até agora,carro (novo),8487,desconhecido/sem conta poupança,4  <= ... < 7 anos,1,Mulher: divorciada/separada/casada,nenhum,2,"carro ou outro, não em conta poupança/títulos",24,nenhum,própria,1,funcionário/funcionário qualificado,1,Nenhum,Sim,Bom
 ... <  0 Marco Alemão,36,atraso no pagamento no passado,educação,6887,... <  100 Marco Alemão,1  <= ... < 4 anos,4,Homem: solteiro,nenhum,3,contrato de poupança/seguro de vida da sociedade civil,29,lojas,própria,1,funcionário/funcionário qualificado,1,"Sim, registrado em nome do cliente",Sim,Ruim
sem conta corrente,15,créditos existentes pagos devidamente até agora,móveis/equipamentos,2708,... <  100 Marco Alemão,... < 1 ano,2,Homem: solteiro,nenhum,3,contrato de poupança/seguro de vida da sociedade civil,27,banco,própria,2,não qualificado - residente,1,Nenhum,Sim,Bom
sem conta corrente,18,créditos existentes pagos devidamente até agora,móveis/equipamentos,1984,... <  100 Marco Alemão,1  <= ... < 4 anos,4,Homem: solteiro,nenhum,4,desconhecido/sem propriedade,47,banco,de graça,2,funcionário/funcionário qualificado,1,Nenhum,Sim,Bom
sem conta corrente,60,créditos existentes pagos devidamente até agora,rádio/televisão,10144,100 <= ... <  500 Marco Alemão,4  <= ... < 7 anos,2,Mulher: divorciada/separada/casada,nenhum,4,imobiliária,21,nenhum,própria,1,funcionário/funcionário qualificado,1,"Sim, registrado em nome do cliente",Sim,Bom
sem conta corrente,12,conta crítica/outros créditos existentes (não neste banco),rádio/televisão,1240,desconhecido/sem conta poupança, ... >= 7 anos,4,Mulher: divorciada/separada/casada,nenhum,2,imobiliária,38,nenhum,própria,2,funcionário/funcionário qualificado,1,"Sim, registrado em nome do cliente",Sim,Bom
sem conta corrente,27,atraso no pagamento no passado,carro (usado),8613, ... >= 1000 Marco Alemão,1  <= ... < 4 anos,2,Homem: solteiro,nenhum,2,"carro ou outro, não em conta poupança/títulos",27,nenhum,própria,2,funcionário/funcionário qualificado,1,Nenhum,Sim,Bom
0 <= ... < 200 Marco Alemão,12,créditos existentes pagos devidamente até agora,rádio/televisão,766,500 <= ... < 1000 Marco Alemão,1  <= ... < 4 anos,4,Homem: solteiro,nenhum,3,imobiliária,66,nenhum,própria,1,não qualificado - residente,1,Nenhum,Sim,Ruim
0 <= ... < 200 Marco Alemão,15,conta crítica/outros créditos existentes (não neste banco),rádio/televisão,2728,desconhecido/sem conta poupança,4  <= ... < 7 anos,4,Homem: solteiro,fiador,2,imobiliária,35,banco,própria,3,funcionário/funcionário qualificado,1,"Sim, registrado em nome do cliente",Sim,Bom
... >= 200 Marco Alemão/ atribuições salariais por pelo menos 1 ano,12,créditos existentes pagos devidamente até agora,rádio/televisão,1881,... <  100 Marco Alemão,1  <= ... < 4 anos,2,Mulher: divorciada/separada/casada,nenhum,2,"carro ou outro, não em conta poupança/títulos",44,nenhum,alugada,1,não qualificado - residente,1,"Sim, registrado em nome do cliente",Sim,Bom
... >= 200 Marco Alemão/ atribuições salariais por pelo menos 1 ano,6,créditos existentes pagos devidamente até agora,carro (novo),709, ... >= 1000 Marco Alemão,... < 1 ano,2,Homem: casado/viúvo,nenhum,2,imobiliária,27,nenhum,própria,1,desempregado/não qualificado - não residente,1,Nenhum,Não,Bom
0 <= ... < 200 Marco Alemão,36,créditos existentes pagos devidamente até agora,rádio/televisão,4795,... <  100 Marco Alemão,... < 1 ano,4,Mulher: divorciada/separada/casada,nenhum,1,desconhecido/sem propriedade,30,nenhum,própria,1,gestão / autônomo / funcionário / diretor altamente qualificado,1,"Sim, registrado em nome do cliente",Sim,Bom
 ... <  0 Marco Alemão,27,créditos existentes pagos devidamente até agora,rádio/televisão,3416,... <  100 Marco Alemão,1  <= ... < 4 anos,3,Homem: solteiro,nenhum,2,"carro ou outro, não em conta poupança/títulos",27,nenhum,própria,1,gestão / autônomo / funcionário / diretor altamente qualificado,1,Nenhum,Sim,Bom
 ... <  0 Marco Alemão,18,créditos existentes pagos devidamente até agora,móveis/equipamentos,2462,... <  100 Marco Alemão,1  <= ... < 4 anos,2,Homem: solteiro,nenhum,2,"carro ou outro, não em conta poupança/títulos",22,nenhum,própria,1,funcionário/funcionário qualificado,1,Nenhum,Sim,Ruim
sem conta corrente,21,conta crítica/outros créditos existentes (não neste banco),móveis/equipamentos,2288,... <  100 Marco Alemão,... < 1 ano,4,Mulher: divorciada/separada/casada,nenhum,4,contrato de poupança/seguro de vida da sociedade civil,23,nenhum,própria,1,funcionário/funcionário qualificado,1,"Sim, registrado em nome do cliente",Sim,Bom
0 <= ... < 200 Marco Alemão,48,todos os créditos deste banco foram devidamente pagos,negócios,3566,100 <= ... <  500 Marco Alemão,4  <= ... < 7 anos,4,Homem: solteiro,nenhum,2,"carro ou outro, não em conta poupança/títulos",30,nenhum,própria,1,funcionário/funcionário qualificado,1,Nenhum,Sim,Bom
 ... <  0 Marco Alemão,6,conta crítica/outros créditos existentes (não neste banco),carro (novo),860,... <  100 Marco Alemão, ... >= 7 anos,1,Mulher: divorciada/separada/casada,nenhum,4,desconhecido/sem propriedade,39,nenhum,própria,2,funcionário/funcionário qualificado,1,"Sim, registrado em nome do cliente",Sim,Bom
sem conta corrente,12,conta crítica/outros créditos existentes (não neste banco),carro (novo),682,100 <= ... <  500 Marco Alemão,4  <= ... < 7 anos,4,Mulher: divorciada/separada/casada,nenhum,3,"carro ou outro, não em conta poupança/títulos",51,nenhum,própria,2,funcionário/funcionário qualificado,1,"Sim, registrado em nome do cliente",Sim,Bom
 ... <  0 Marco Alemão,36,conta crítica/outros créditos existentes (não neste banco),móveis/equipamentos,5371,... <  100 Marco Alemão,1  <= ... < 4 anos,3,Homem: solteiro,fiador,2,contrato de poupança/seguro de vida da sociedade civil,28,nenhum,própria,2,funcionário/funcionário qualificado,1,Nenhum,Sim,Bom
sem conta corrente,18,conta crítica/outros créditos existentes (não neste banco),rádio/televisão,1582, ... >= 1000 Marco Alemão, ... >= 7 anos,4,Homem: solteiro,nenhum,4,"carro ou outro, não em conta poupança/títulos",46,nenhum,própria,2,funcionário/funcionário qualificado,1,Nenhum,Sim,Bom
sem conta corrente,6,créditos existentes pagos devidamente até agora,rádio/televisão,1346,100 <= ... <  500 Marco Alemão, ... >= 7 anos,2,Homem: solteiro,nenhum,4,desconhecido/sem propriedade,42,banco,de graça,1,funcionário/funcionário qualificado,2,"Sim, registrado em nome do cliente",Sim,Bom
sem conta corrente,10,créditos existentes pagos devidamente até agora,rádio/televisão,1924,... <  100 Marco Alemão,1  <= ... < 4 anos,1,Homem: solteiro,nenhum,4,contrato de poupança/seguro de vida da sociedade civil,38,nenhum,própria,1,funcionário/funcionário qualificado,1,"Sim, registrado em nome do cliente",Não,Bom
... >= 200 Marco Alemão/ atribuições salariais por pelo menos 1 ano,36,créditos existentes pagos devidamente até agora,rádio/televisão,5848,... <  100 Marco Alemão,1  <= ... < 4 anos,4,Homem: solteiro,nenhum,1,"carro ou outro, não em conta poupança/títulos",24,nenhum,própria,1,funcionário/funcionário qualificado,1,Nenhum,Sim,Bom
0 <= ... < 200 Marco Alemão,24,conta crítica/outros créditos existentes (não neste banco),carro (usado),7758, ... >= 1000 Marco Alemão, ... >= 7 anos,2,Mulher: divorciada/separada/casada,nenhum,4,desconhecido/sem propriedade,29,nenhum,alugada,1,funcionário/funcionário qualificado,1,Nenhum,Sim,Bom
0 <= ... < 200 Marco Alemão,24,atraso no pagamento no passado,negócios,6967,100 <= ... <  500 Marco Alemão,4  <= ... < 7 anos,4,Homem: solteiro,nenhum,4,"carro ou outro, não em conta poupança/títulos",36,nenhum,alugada,1,gestão / autônomo / funcionário / diretor altamente qualificado,1,"Sim, registrado em nome do cliente",Sim,Bom
 ... <  0 Marco Alemão,12,créditos existentes pagos devidamente até agora,móveis/equipamentos,1282,... <  100 Marco Alemão,1  <= ... < 4 anos,2,Mulher: divorciada/separada/casada,nenhum,4,"carro ou outro, não em conta poupança/títulos",20,nenhum,alugada,1,funcionário/funcionário qualificado,1,Nenhum,Sim,Ruim
 ... <  0 Marco Alemão,9,conta crítica/outros créditos existentes (não neste banco),reparos,1288,100 <= ... <  500 Marco Alemão, ... >= 7 anos,3,Homem: solteiro,fiador,4,imobiliária,48,nenhum,própria,2,funcionário/funcionário qualificado,2,Nenhum,Não,Bom
 ... <  0 Marco Alemão,12,todos os créditos deste banco foram devidamente pagos,reciclagem,339,... <  100 Marco Alemão, ... >= 7 anos,4,Homem: casado/viúvo,nenhum,1,"carro ou outro, não em conta poupança/títulos",45,banco,própria,1,não qualificado - residente,1,Nenhum,Sim,Bom
0 <= ... < 200 Marco Alemão,24,créditos existentes pagos devidamente até agora,carro (novo),3512,100 <= ... <  500 Marco Alemão,4  <= ... < 7 anos,2,Homem: solteiro,nenhum,3,"carro ou outro, não em conta poupança/títulos",38,banco,própria,2,funcionário/funcionário qualificado,1,"Sim, registrado em nome do cliente",Sim,Bom
sem conta corrente,6,conta crítica/outros créditos existentes (não neste banco),rádio/televisão,1898,desconhecido/sem conta poupança,1  <= ... < 4 anos,1,Homem: solteiro,nenhum,2,imobiliária,34,nenhum,própria,2,não qualificado - residente,2,Nenhum,Sim,Bom
sem conta corrente,24,conta crítica/outros créditos existentes (não neste banco),rádio/televisão,2872,100 <= ... <  500 Marco Alemão, ... >= 7 anos,3,Homem: solteiro,nenhum,4,imobiliária,36,nenhum,própria,1,funcionário/funcionário qualificado,2,"Sim, registrado em nome do cliente",Sim,Bom
sem conta corrente,18,conta crítica/outros créditos existentes (não neste banco),carro (novo),1055,... <  100 Marco Alemão,... < 1 ano,4,Mulher: divorciada/separada/casada,nenhum,1,contrato de poupança/seguro de vida da sociedade civil,30,nenhum,própria,2,funcionário/funcionário qualificado,1,Nenhum,Sim,Bom
sem conta corrente,15,créditos existentes pagos devidamente até agora,eletrodomésticos,1262,500 <= ... < 1000 Marco Alemão,4  <= ... < 7 anos,4,Homem: solteiro,nenhum,3,contrato de poupança/seguro de vida da sociedade civil,36,nenhum,própria,2,funcionário/funcionário qualificado,1,"Sim, registrado em nome do cliente",Sim,Bom
0 <= ... < 200 Marco Alemão,10,créditos existentes pagos devidamente até agora,carro (novo),7308,... <  100 Marco Alemão,desempregado,2,Homem: solteiro,nenhum,4,desconhecido/sem propriedade,70,banco,de graça,1,gestão / autônomo / funcionário / diretor altamente qualificado,1,"Sim, registrado em nome do cliente",Sim,Bom
sem conta corrente,36,créditos existentes pagos devidamente até agora,carro (novo),909,500 <= ... < 1000 Marco Alemão, ... >= 7 anos,4,Homem: solteiro,nenhum,4,contrato de poupança/seguro de vida da sociedade civil,36,nenhum,própria,1,funcionário/funcionário qualificado,1,Nenhum,Sim,Bom
sem conta corrente,6,créditos existentes pagos devidamente até agora,móveis/equipamentos,2978,500 <= ... < 1000 Marco Alemão,1  <= ... < 4 anos,1,Homem: solteiro,nenhum,2,"carro ou outro, não em conta poupança/títulos",32,nenhum,própria,1,funcionário/funcionário qualificado,1,"Sim, registrado em nome do cliente",Sim,Bom
 ... <  0 Marco Alemão,18,créditos existentes pagos devidamente até agora,móveis/equipamentos,1131,... <  100 Marco Alemão,desempregado,4,Mulher: divorciada/separada/casada,nenhum,2,"carro ou outro, não em conta poupança/títulos",33,nenhum,própria,1,funcionário/funcionário qualificado,1,Nenhum,Sim,Ruim
0 <= ... < 200 Marco Alemão,11,créditos existentes pagos devidamente até agora,móveis/equipamentos,1577, ... >= 1000 Marco Alemão,... < 1 ano,4,Mulher: divorciada/separada/casada,nenhum,1,imobiliária,20,nenhum,própria,1,funcionário/funcionário qualificado,1,Nenhum,Sim,Bom
sem conta corrente,24,créditos existentes pagos devidamente até agora,móveis/equipamentos,3972,... <  100 Marco Alemão,4  <= ... < 7 anos,2,Mulher: divorciada/separada/casada,nenhum,4,contrato de poupança/seguro de vida da sociedade civil,25,nenhum,alugada,1,funcionário/funcionário qualificado,1,"Sim, registrado em nome do cliente",Sim,Bom
0 <= ... < 200 Marco Alemão,24,conta crítica/outros créditos existentes (não neste banco),negócios,1935,... <  100 Marco Alemão, ... >= 7 anos,4,Homem: divorciado/separado,nenhum,4,imobiliária,31,nenhum,própria,2,funcionário/funcionário qualificado,1,"Sim, registrado em nome do cliente",Sim,Ruim
 ... <  0 Marco Alemão,15,nenhum crédito obtido/todos os créditos pagos devidamente,carro (novo),950,... <  100 Marco Alemão, ... >= 7 anos,4,Homem: solteiro,nenhum,3,"carro ou outro, não em conta poupança/títulos",33,nenhum,alugada,2,funcionário/funcionário qualificado,2,Nenhum,Sim,Ruim
sem conta corrente,12,créditos existentes pagos devidamente até agora,móveis/equipamentos,763,... <  100 Marco Alemão,1  <= ... < 4 anos,4,Mulher: divorciada/separada/casada,nenhum,1,imobiliária,26,nenhum,própria,1,funcionário/funcionário qualificado,1,"Sim, registrado em nome do cliente",Sim,Bom
0 <= ... < 200 Marco Alemão,24,atraso no pagamento no passado,móveis/equipamentos,2064,... <  100 Marco Alemão,desempregado,3,Mulher: divorciada/separada/casada,nenhum,2,contrato de poupança/seguro de vida da sociedade civil,34,nenhum,própria,1,gestão / autônomo / funcionário / diretor altamente qualificado,1,"Sim, registrado em nome do cliente",Sim,Ruim
0 <= ... < 200 Marco Alemão,8,créditos existentes pagos devidamente até agora,rádio/televisão,1414,... <  100 Marco Alemão,1  <= ... < 4 anos,4,Homem: solteiro,fiador,2,imobiliária,33,nenhum,própria,1,funcionário/funcionário qualificado,1,Nenhum,Não,Bom
 ... <  0 Marco Alemão,21,atraso no pagamento no passado,educação,3414,... <  100 Marco Alemão,... < 1 ano,2,Homem: solteiro,nenhum,1,contrato de poupança/seguro de vida da sociedade civil,26,nenhum,própria,2,funcionário/funcionário qualificado,1,Nenhum,Sim,Ruim
sem conta corrente,30,todos os créditos deste banco foram devidamente pagos,carro (usado),7485,desconhecido/sem conta poupança,desempregado,4,Mulher: divorciada/separada/casada,nenhum,1,imobiliária,53,banco,própria,1,gestão / autônomo / funcionário / diretor altamente qualificado,1,"Sim, registrado em nome do cliente",Sim,Ruim
 ... <  0 Marco Alemão,12,créditos existentes pagos devidamente até agora,móveis/equipamentos,2577,... <  100 Marco Alemão,1  <= ... < 4 anos,2,Homem: divorciado/separado,nenhum,1,"carro ou outro, não em conta poupança/títulos",42,nenhum,própria,1,funcionário/funcionário qualificado,1,Nenhum,Sim,Bom
 ... <  0 Marco Alemão,6,conta crítica/outros créditos existentes (não neste banco),rádio/televisão,338,500 <= ... < 1000 Marco Alemão, ... >= 7 anos,4,Homem: solteiro,nenhum,4,"carro ou outro, não em conta poupança/títulos",52,nenhum,própria,2,funcionário/funcionário qualificado,1,Nenhum,Sim,Bom
sem conta corrente,12,créditos existentes pagos devidamente até agora,rádio/televisão,1963,... <  100 Marco Alemão,4  <= ... < 7 anos,4,Homem: solteiro,nenhum,2,"carro ou outro, não em conta poupança/títulos",31,nenhum,alugada,2,gestão / autônomo / funcionário / diretor altamente qualificado,2,"Sim, registrado em nome do cliente",Sim,Bom
 ... <  0 Marco Alemão,21,conta crítica/outros créditos existentes (não neste banco),carro (novo),571,... <  100 Marco Alemão, ... >= 7 anos,4,Homem: solteiro,nenhum,4,imobiliária,65,nenhum,própria,2,funcionário/funcionário qualificado,1,Nenhum,Sim,Bom
sem conta corrente,36,atraso no pagamento no passado,negócios,9572,... <  100 Marco Alemão,... < 1 ano,1,Homem: divorciado/separado,nenhum,1,"carro ou outro, não em conta poupança/títulos",28,nenhum,própria,2,funcionário/funcionário qualificado,1,Nenhum,Sim,Ruim
0 <= ... < 200 Marco Alemão,36,atraso no pagamento no passado,negócios,4455,... <  100 Marco Alemão,1  <= ... < 4 anos,2,Homem: divorciado/separado,nenhum,2,imobiliária,30,lojas,própria,2,gestão / autônomo / funcionário / diretor altamente qualificado,1,"Sim, registrado em nome do cliente",Sim,Ruim
 ... <  0 Marco Alemão,21,todos os créditos deste banco foram devidamente pagos,carro (novo),1647,desconhecido/sem conta poupança,1  <= ... < 4 anos,4,Homem: solteiro,nenhum,2,contrato de poupança/seguro de vida da sociedade civil,40,nenhum,própria,2,não qualificado - residente,2,Nenhum,Sim,Ruim
sem conta corrente,24,conta crítica/outros créditos existentes (não neste banco),móveis/equipamentos,3777, ... >= 1000 Marco Alemão,1  <= ... < 4 anos,4,Homem: solteiro,nenhum,4,imobiliária,50,nenhum,própria,1,funcionário/funcionário qualificado,1,"Sim, registrado em nome do cliente",Sim,Bom
0 <= ... < 200 Marco Alemão,18,conta crítica/outros créditos existentes (não neste banco),carro (novo),884,... <  100 Marco Alemão, ... >= 7 anos,4,Homem: solteiro,nenhum,4,"carro ou outro, não em conta poupança/títulos",36,banco,própria,1,funcionário/funcionário qualificado,2,"Sim, registrado em nome do cliente",Sim,Ruim
sem conta corrente,15,conta crítica/outros créditos existentes (não neste banco),rádio/televisão,1360,... <  100 Marco Alemão,1  <= ... < 4 anos,4,Homem: solteiro,nenhum,2,contrato de poupança/seguro de vida da sociedade civil,31,nenhum,própria,2,funcionário/funcionário qualificado,1,Nenhum,Sim,Bom
0 <= ... < 200 Marco Alemão,9,todos os créditos deste banco foram devidamente pagos,carro (usado),5129,... <  100 Marco Alemão, ... >= 7 anos,2,Mulher: divorciada/separada/casada,nenhum,4,desconhecido/sem propriedade,74,banco,de graça,1,gestão / autônomo / funcionário / diretor altamente qualificado,2,"Sim, registrado em nome do cliente",Sim,Ruim
0 <= ... < 200 Marco Alemão,16,conta crítica/outros créditos existentes (não neste banco),carro (novo),1175,... <  100 Marco Alemão,desempregado,2,Homem: solteiro,nenhum,3,"carro ou outro, não em conta poupança/títulos",68,nenhum,de graça,3,desempregado/não qualificado - não residente,1,"Sim, registrado em nome do cliente",Sim,Bom
 ... <  0 Marco Alemão,12,créditos existentes pagos devidamente até agora,rádio/televisão,674,100 <= ... <  500 Marco Alemão,4  <= ... < 7 anos,4,Homem: casado/viúvo,nenhum,1,contrato de poupança/seguro de vida da sociedade civil,20,nenhum,própria,1,funcionário/funcionário qualificado,1,Nenhum,Sim,Ruim
0 <= ... < 200 Marco Alemão,18,nenhum crédito obtido/todos os créditos pagos devidamente,móveis/equipamentos,3244,... <  100 Marco Alemão,1  <= ... < 4 anos,1,Mulher: divorciada/separada/casada,nenhum,4,"carro ou outro, não em conta poupança/títulos",33,banco,própria,2,funcionário/funcionário qualificado,1,"Sim, registrado em nome do cliente",Sim,Bom
sem conta corrente,24,créditos existentes pagos devidamente até agora,negócios,4591, ... >= 1000 Marco Alemão,1  <= ... < 4 anos,2,Homem: solteiro,nenhum,3,contrato de poupança/seguro de vida da sociedade civil,54,nenhum,própria,3,gestão / autônomo / funcionário / diretor altamente qualificado,1,"Sim, registrado em nome do cliente",Sim,Ruim
0 <= ... < 200 Marco Alemão,48,nenhum crédito obtido/todos os créditos pagos devidamente,negócios,3844,100 <= ... <  500 Marco Alemão,4  <= ... < 7 anos,4,Homem: solteiro,nenhum,4,desconhecido/sem propriedade,34,nenhum,de graça,1,não qualificado - residente,2,Nenhum,Sim,Ruim
0 <= ... < 200 Marco Alemão,27,créditos existentes pagos devidamente até agora,negócios,3915,... <  100 Marco Alemão,1  <= ... < 4 anos,4,Homem: solteiro,nenhum,2,"carro ou outro, não em conta poupança/títulos",36,nenhum,própria,1,funcionário/funcionário qualificado,2,"Sim, registrado em nome do cliente",Sim,Ruim
sem conta corrente,6,créditos existentes pagos devidamente até agora,rádio/televisão,2108,... <  100 Marco Alemão,4  <= ... < 7 anos,2,Homem: casado/viúvo,nenhum,2,imobiliária,29,nenhum,alugada,1,funcionário/funcionário qualificado,1,Nenhum,Sim,Bom
0 <= ... < 200 Marco Alemão,45,créditos existentes pagos devidamente até agora,rádio/televisão,3031,100 <= ... <  500 Marco Alemão,1  <= ... < 4 anos,4,Homem: solteiro,fiador,4,contrato de poupança/seguro de vida da sociedade civil,21,nenhum,alugada,1,funcionário/funcionário qualificado,1,Nenhum,Sim,Ruim
0 <= ... < 200 Marco Alemão,9,conta crítica/outros créditos existentes (não neste banco),educação,1501,... <  100 Marco Alemão, ... >= 7 anos,2,Mulher: divorciada/separada/casada,nenhum,3,"carro ou outro, não em conta poupança/títulos",34,nenhum,própria,2,gestão / autônomo / funcionário / diretor altamente qualificado,1,"Sim, registrado em nome do cliente",Sim,Ruim
sem conta corrente,6,conta crítica/outros créditos existentes (não neste banco),rádio/televisão,1382,... <  100 Marco Alemão,1  <= ... < 4 anos,1,Mulher: divorciada/separada/casada,nenhum,1,"carro ou outro, não em conta poupança/títulos",28,nenhum,própria,2,funcionário/funcionário qualificado,1,"Sim, registrado em nome do cliente",Sim,Bom
0 <= ... < 200 Marco Alemão,12,créditos existentes pagos devidamente até agora,móveis/equipamentos,951,100 <= ... <  500 Marco Alemão,... < 1 ano,4,Mulher: divorciada/separada/casada,nenhum,4,"carro ou outro, não em conta poupança/títulos",27,banco,alugada,4,funcionário/funcionário qualificado,1,Nenhum,Sim,Ruim
0 <= ... < 200 Marco Alemão,24,créditos existentes pagos devidamente até agora,carro (usado),2760,desconhecido/sem conta poupança, ... >= 7 anos,4,Homem: solteiro,nenhum,4,desconhecido/sem propriedade,36,banco,de graça,1,funcionário/funcionário qualificado,1,"Sim, registrado em nome do cliente",Sim,Bom
0 <= ... < 200 Marco Alemão,18,atraso no pagamento no passado,móveis/equipamentos,4297,... <  100 Marco Alemão, ... >= 7 anos,4,Homem: divorciado/separado,nenhum,3,desconhecido/sem propriedade,40,nenhum,própria,1,gestão / autônomo / funcionário / diretor altamente qualificado,1,"Sim, registrado em nome do cliente",Sim,Ruim
sem conta corrente,9,conta crítica/outros créditos existentes (não neste banco),educação,936,500 <= ... < 1000 Marco Alemão, ... >= 7 anos,4,Homem: solteiro,nenhum,2,"carro ou outro, não em conta poupança/títulos",52,nenhum,própria,2,funcionário/funcionário qualificado,1,"Sim, registrado em nome do cliente",Sim,Bom
 ... <  0 Marco Alemão,12,créditos existentes pagos devidamente até agora,carro (novo),1168,... <  100 Marco Alemão,1  <= ... < 4 anos,4,Homem: casado/viúvo,nenhum,3,imobiliária,27,nenhum,própria,1,não qualificado - residente,1,Nenhum,Sim,Bom
sem conta corrente,27,atraso no pagamento no passado,negócios,5117,... <  100 Marco Alemão,4  <= ... < 7 anos,3,Homem: solteiro,nenhum,4,"carro ou outro, não em conta poupança/títulos",26,nenhum,própria,2,funcionário/funcionário qualificado,1,Nenhum,Sim,Bom
 ... <  0 Marco Alemão,12,créditos existentes pagos devidamente até agora,reciclagem,902,... <  100 Marco Alemão,4  <= ... < 7 anos,4,Homem: casado/viúvo,nenhum,4,contrato de poupança/seguro de vida da sociedade civil,21,nenhum,alugada,1,funcionário/funcionário qualificado,1,Nenhum,Sim,Ruim
sem conta corrente,12,conta crítica/outros créditos existentes (não neste banco),carro (novo),1495,... <  100 Marco Alemão, ... >= 7 anos,4,Homem: solteiro,nenhum,1,imobiliária,38,nenhum,própria,2,não qualificado - residente,2,Nenhum,Sim,Bom
 ... <  0 Marco Alemão,30,conta crítica/outros créditos existentes (não neste banco),carro (usado),10623,... <  100 Marco Alemão, ... >= 7 anos,3,Homem: solteiro,nenhum,4,desconhecido/sem propriedade,38,nenhum,de graça,3,gestão / autônomo / funcionário / diretor altamente qualificado,2,"Sim, registrado em nome do cliente",Sim,Bom
sem conta corrente,12,conta crítica/outros créditos existentes (não neste banco),móveis/equipamentos,1935,... <  100 Marco Alemão, ... >= 7 anos,4,Homem: solteiro,nenhum,4,imobiliária,43,nenhum,própria,3,funcionário/funcionário qualificado,1,"Sim, registrado em nome do cliente",Sim,Bom
0 <= ... < 200 Marco Alemão,12,conta crítica/outros créditos existentes (não neste banco),eletrodomésticos,1424,... <  100 Marco Alemão,4  <= ... < 7 anos,4,Homem: solteiro,nenhum,3,contrato de poupança/seguro de vida da sociedade civil,26,nenhum,própria,1,funcionário/funcionário qualificado,1,Nenhum,Sim,Bom
 ... <  0 Marco Alemão,24,créditos existentes pagos devidamente até agora,negócios,6568,... <  100 Marco Alemão,1  <= ... < 4 anos,2,Homem: casado/viúvo,nenhum,2,"carro ou outro, não em conta poupança/títulos",21,lojas,própria,1,não qualificado - residente,1,Nenhum,Sim,Bom
sem conta corrente,12,créditos existentes pagos devidamente até agora,carro (usado),1413, ... >= 1000 Marco Alemão,4  <= ... < 7 anos,3,Homem: solteiro,nenhum,2,contrato de poupança/seguro de vida da sociedade civil,55,nenhum,própria,1,funcionário/funcionário qualificado,1,Nenhum,Não,Bom
sem conta corrente,9,conta crítica/outros créditos existentes (não neste banco),rádio/televisão,3074,desconhecido/sem conta poupança,1  <= ... < 4 anos,1,Homem: solteiro,nenhum,2,imobiliária,33,nenhum,própria,2,funcionário/funcionário qualificado,2,Nenhum,Sim,Bom
sem conta corrente,36,créditos existentes pagos devidamente até agora,rádio/televisão,3835,desconhecido/sem conta poupança, ... >= 7 anos,2,Mulher: divorciada/separada/casada,nenhum,4,imobiliária,45,nenhum,própria,1,não qualificado - residente,1,"Sim, registrado em nome do cliente",Sim,Bom
 ... <  0 Marco Alemão,27,nenhum crédito obtido/todos os créditos pagos devidamente,negócios,5293,... <  100 Marco Alemão,desempregado,2,Homem: solteiro,nenhum,4,contrato de poupança/seguro de vida da sociedade civil,50,lojas,própria,2,funcionário/funcionário qualificado,1,"Sim, registrado em nome do cliente",Sim,Ruim
... >= 200 Marco Alemão/ atribuições salariais por pelo menos 1 ano,30,atraso no pagamento no passado,negócios,1908,... <  100 Marco Alemão, ... >= 7 anos,4,Homem: solteiro,nenhum,4,imobiliária,66,nenhum,própria,1,gestão / autônomo / funcionário / diretor altamente qualificado,1,"Sim, registrado em nome do cliente",Sim,Ruim
sem conta corrente,36,conta crítica/outros créditos existentes (não neste banco),rádio/televisão,3342,desconhecido/sem conta poupança, ... >= 7 anos,4,Homem: solteiro,nenhum,2,"carro ou outro, não em conta poupança/títulos",51,nenhum,própria,1,funcionário/funcionário qualificado,1,"Sim, registrado em nome do cliente",Sim,Bom
0 <= ... < 200 Marco Alemão,6,conta crítica/outros créditos existentes (não neste banco),reciclagem,932,desconhecido/sem conta poupança,4  <= ... < 7 anos,1,Mulher: divorciada/separada/casada,nenhum,3,contrato de poupança/seguro de vida da sociedade civil,39,nenhum,própria,2,não qualificado - residente,1,Nenhum,Sim,Bom
 ... <  0 Marco Alemão,18,nenhum crédito obtido/todos os créditos pagos devidamente,negócios,3104,... <  100 Marco Alemão,4  <= ... < 7 anos,3,Homem: solteiro,nenhum,1,contrato de poupança/seguro de vida da sociedade civil,31,banco,própria,1,funcionário/funcionário qualificado,1,"Sim, registrado em nome do cliente",Sim,Bom
... >= 200 Marco Alemão/ atribuições salariais por pelo menos 1 ano,36,créditos existentes pagos devidamente até agora,rádio/televisão,3913,... <  100 Marco Alemão,1  <= ... < 4 anos,2,Homem: solteiro,nenhum,2,imobiliária,23,nenhum,própria,1,funcionário/funcionário qualificado,1,"Sim, registrado em nome do cliente",Sim,Bom
 ... <  0 Marco Alemão,24,créditos existentes pagos devidamente até agora,móveis/equipamentos,3021,... <  100 Marco Alemão,1  <= ... < 4 anos,2,Homem: divorciado/separado,nenhum,2,imobiliária,24,nenhum,alugada,1,não qualificado - residente,1,Nenhum,Sim,Bom
sem conta corrente,10,créditos existentes pagos devidamente até agora,carro (novo),1364,... <  100 Marco Alemão,1  <= ... < 4 anos,2,Mulher: divorciada/separada/casada,nenhum,4,"carro ou outro, não em conta poupança/títulos",64,nenhum,própria,1,funcionário/funcionário qualificado,1,"Sim, registrado em nome do cliente",Sim,Bom
0 <= ... < 200 Marco Alemão,12,créditos existentes pagos devidamente até agora,rádio/televisão,625,... <  100 Marco Alemão,... < 1 ano,4,Homem: casado/viúvo,fiador,1,imobiliária,26,banco,própria,1,não qualificado - residente,1,Nenhum,Sim,Bom
 ... <  0 Marco Alemão,12,créditos existentes pagos devidamente até agora,educação,1200,desconhecido/sem conta poupança,1  <= ... < 4 anos,4,Mulher: divorciada/separada/casada,nenhum,4,contrato de poupança/seguro de vida da sociedade civil,23,banco,alugada,1,funcionário/funcionário qualificado,1,"Sim, registrado em nome do cliente",Sim,Bom
sem conta corrente,12,créditos existentes pagos devidamente até agora,rádio/televisão,707,... <  100 Marco Alemão,1  <= ... < 4 anos,4,Homem: solteiro,nenhum,2,imobiliária,30,banco,própria,2,funcionário/funcionário qualificado,1,Nenhum,Sim,Bom
sem conta corrente,24,atraso no pagamento no passado,negócios,2978,desconhecido/sem conta poupança,1  <= ... < 4 anos,4,Homem: solteiro,nenhum,4,imobiliária,32,nenhum,própria,2,funcionário/funcionário qualificado,2,"Sim, registrado em nome do cliente",Sim,Bom
sem conta corrente,15,créditos existentes pagos devidamente até agora,carro (usado),4657,... <  100 Marco Alemão,1  <= ... < 4 anos,3,Homem: solteiro,nenhum,2,"carro ou outro, não em conta poupança/títulos",30,nenhum,própria,1,funcionário/funcionário qualificado,1,"Sim, registrado em nome do cliente",Sim,Bom
sem conta corrente,36,nenhum crédito obtido/todos os créditos pagos devidamente,reparos,2613,... <  100 Marco Alemão,1  <= ... < 4 anos,4,Homem: solteiro,nenhum,2,"carro ou outro, não em conta poupança/títulos",27,nenhum,própria,2,funcionário/funcionário qualificado,1,Nenhum,Sim,Bom
0 <= ... < 200 Marco Alemão,48,créditos existentes pagos devidamente até agora,rádio/televisão,10961, ... >= 1000 Marco Alemão,4  <= ... < 7 anos,1,Homem: solteiro,co-requerente,2,desconhecido/sem propriedade,27,banco,própria,2,funcionário/funcionário qualificado,1,"Sim, registrado em nome do cliente",Sim,Ruim
 ... <  0 Marco Alemão,12,créditos existentes pagos devidamente até agora,móveis/equipamentos,7865,... <  100 Marco Alemão, ... >= 7 anos,4,Homem: solteiro,nenhum,4,desconhecido/sem propriedade,53,nenhum,de graça,1,gestão / autônomo / funcionário / diretor altamente qualificado,1,"Sim, registrado em nome do cliente",Sim,Ruim
sem conta corrente,9,créditos existentes pagos devidamente até agora,rádio/televisão,1478,... <  100 Marco Alemão,4  <= ... < 7 anos,4,Homem: solteiro,nenhum,2,"carro ou outro, não em conta poupança/títulos",22,nenhum,própria,1,funcionário/funcionário qualificado,1,Nenhum,Sim,Ruim
 ... <  0 Marco Alemão,24,créditos existentes pagos devidamente até agora,móveis/equipamentos,3149,... <  100 Marco Alemão,... < 1 ano,4,Homem: solteiro,nenhum,1,desconhecido/sem propriedade,22,banco,de graça,1,funcionário/funcionário qualificado,1,Nenhum,Sim,Bom
... >= 200 Marco Alemão/ atribuições salariais por pelo menos 1 ano,36,créditos existentes pagos devidamente até agora,rádio/televisão,4210,... <  100 Marco Alemão,1  <= ... < 4 anos,4,Homem: solteiro,nenhum,2,"carro ou outro, não em conta poupança/títulos",26,nenhum,própria,1,funcionário/funcionário qualificado,1,Nenhum,Sim,Ruim
sem conta corrente,9,créditos existentes pagos devidamente até agora,carro (novo),2507,500 <= ... < 1000 Marco Alemão, ... >= 7 anos,2,Homem: solteiro,nenhum,4,desconhecido/sem propriedade,51,nenhum,de graça,1,não qualificado - residente,1,Nenhum,Sim,Bom
sem conta corrente,12,créditos existentes pagos devidamente até agora,rádio/televisão,2141,100 <= ... <  500 Marco Alemão,4  <= ... < 7 anos,3,Homem: solteiro,nenhum,1,desconhecido/sem propriedade,35,nenhum,própria,1,funcionário/funcionário qualificado,1,Nenhum,Sim,Bom
0 <= ... < 200 Marco Alemão,18,créditos existentes pagos devidamente até agora,rádio/televisão,866,... <  100 Marco Alemão,1  <= ... < 4 anos,4,Homem: casado/viúvo,fiador,2,imobiliária,25,nenhum,própria,1,não qualificado - residente,1,Nenhum,Sim,Bom
sem conta corrente,4,conta crítica/outros créditos existentes (não neste banco),rádio/televisão,1544,... <  100 Marco Alemão,4  <= ... < 7 anos,2,Homem: solteiro,nenhum,1,imobiliária,42,nenhum,própria,3,não qualificado - residente,2,Nenhum,Sim,Bom
 ... <  0 Marco Alemão,24,créditos existentes pagos devidamente até agora,rádio/televisão,1823,... <  100 Marco Alemão,desempregado,4,Homem: solteiro,nenhum,2,"carro ou outro, não em conta poupança/títulos",30,lojas,própria,1,gestão / autônomo / funcionário / diretor altamente qualificado,2,Nenhum,Sim,Ruim
0 <= ... < 200 Marco Alemão,6,créditos existentes pagos devidamente até agora,carro (novo),14555,desconhecido/sem conta poupança,desempregado,1,Homem: solteiro,nenhum,2,contrato de poupança/seguro de vida da sociedade civil,23,nenhum,própria,1,desempregado/não qualificado - não residente,1,"Sim, registrado em nome do cliente",Sim,Ruim
0 <= ... < 200 Marco Alemão,21,créditos existentes pagos devidamente até agora,negócios,2767,100 <= ... <  500 Marco Alemão, ... >= 7 anos,4,Homem: divorciado/separado,nenhum,2,"carro ou outro, não em conta poupança/títulos",61,banco,alugada,2,não qualificado - residente,1,Nenhum,Sim,Ruim
sem conta corrente,12,conta crítica/outros créditos existentes (não neste banco),rádio/televisão,1291,... <  100 Marco Alemão,1  <= ... < 4 anos,4,Mulher: divorciada/separada/casada,nenhum,2,contrato de poupança/seguro de vida da sociedade civil,35,nenhum,própria,2,funcionário/funcionário qualificado,1,Nenhum,Sim,Bom
 ... <  0 Marco Alemão,30,créditos existentes pagos devidamente até agora,rádio/televisão,2522,... <  100 Marco Alemão, ... >= 7 anos,1,Homem: solteiro,fiador,3,contrato de poupança/seguro de vida da sociedade civil,39,nenhum,própria,1,funcionário/funcionário qualificado,2,Nenhum,Sim,Bom
 ... <  0 Marco Alemão,24,créditos existentes pagos devidamente até agora,carro (novo),915,desconhecido/sem conta poupança, ... >= 7 anos,4,Mulher: divorciada/separada/casada,nenhum,2,"carro ou outro, não em conta poupança/títulos",29,banco,própria,1,funcionário/funcionário qualificado,1,Nenhum,Sim,Ruim
sem conta corrente,6,créditos existentes pagos devidamente até agora,rádio/televisão,1595,... <  100 Marco Alemão,4  <= ... < 7 anos,3,Homem: solteiro,nenhum,2,contrato de poupança/seguro de vida da sociedade civil,51,nenhum,própria,1,funcionário/funcionário qualificado,2,Nenhum,Sim,Bom
 ... <  0 Marco Alemão,48,nenhum crédito obtido/todos os créditos pagos devidamente,carro (usado),4605,... <  100 Marco Alemão, ... >= 7 anos,3,Homem: solteiro,nenhum,4,desconhecido/sem propriedade,24,nenhum,de graça,2,funcionário/funcionário qualificado,2,Nenhum,Sim,Ruim
sem conta corrente,12,conta crítica/outros créditos existentes (não neste banco),negócios,1185,... <  100 Marco Alemão,1  <= ... < 4 anos,3,Mulher: divorciada/separada/casada,nenhum,2,imobiliária,27,nenhum,própria,2,funcionário/funcionário qualificado,1,Nenhum,Sim,Bom
sem conta corrente,12,todos os créditos deste banco foram devidamente pagos,reciclagem,3447,500 <= ... < 1000 Marco Alemão,1  <= ... < 4 anos,4,Mulher: divorciada/separada/casada,nenhum,3,imobiliária,35,nenhum,própria,1,não qualificado - residente,2,Nenhum,Sim,Bom
sem conta corrente,24,créditos existentes pagos devidamente até agora,negócios,1258,... <  100 Marco Alemão,4  <= ... < 7 anos,4,Homem: solteiro,nenhum,1,imobiliária,25,nenhum,própria,1,funcionário/funcionário qualificado,1,"Sim, registrado em nome do cliente",Sim,Bom
sem conta corrente,12,conta crítica/outros créditos existentes (não neste banco),rádio/televisão,717,... <  100 Marco Alemão, ... >= 7 anos,4,Homem: solteiro,nenhum,4,imobiliária,52,nenhum,própria,3,funcionário/funcionário qualificado,1,Nenhum,Sim,Bom
sem conta corrente,6,nenhum crédito obtido/todos os créditos pagos devidamente,carro (novo),1204,100 <= ... <  500 Marco Alemão,1  <= ... < 4 anos,4,Homem: solteiro,nenhum,1,desconhecido/sem propriedade,35,banco,alugada,1,funcionário/funcionário qualificado,1,Nenhum,Não,Bom
... >= 200 Marco Alemão/ atribuições salariais por pelo menos 1 ano,24,créditos existentes pagos devidamente até agora,móveis/equipamentos,1925,... <  100 Marco Alemão,1  <= ... < 4 anos,2,Homem: solteiro,nenhum,2,imobiliária,26,nenhum,própria,1,funcionário/funcionário qualificado,1,Nenhum,Sim,Bom
sem conta corrente,18,créditos existentes pagos devidamente até agora,rádio/televisão,433,... <  100 Marco Alemão,desempregado,3,Mulher: divorciada/separada/casada,co-requerente,4,imobiliária,22,nenhum,alugada,1,funcionário/funcionário qualificado,1,Nenhum,Sim,Ruim
 ... <  0 Marco Alemão,6,conta crítica/outros créditos existentes (não neste banco),carro (novo),666, ... >= 1000 Marco Alemão,4  <= ... < 7 anos,3,Mulher: divorciada/separada/casada,nenhum,4,imobiliária,39,nenhum,própria,2,não qualificado - residente,1,"Sim, registrado em nome do cliente",Sim,Bom
... >= 200 Marco Alemão/ atribuições salariais por pelo menos 1 ano,12,créditos existentes pagos devidamente até agora,móveis/equipamentos,2251,... <  100 Marco Alemão,1  <= ... < 4 anos,1,Mulher: divorciada/separada/casada,nenhum,2,"carro ou outro, não em conta poupança/títulos",46,nenhum,própria,1,não qualificado - residente,1,Nenhum,Sim,Bom
0 <= ... < 200 Marco Alemão,30,créditos existentes pagos devidamente até agora,carro (novo),2150,... <  100 Marco Alemão,1  <= ... < 4 anos,4,Mulher: divorciada/separada/casada,fiador,2,desconhecido/sem propriedade,24,banco,própria,1,funcionário/funcionário qualificado,1,Nenhum,Sim,Ruim
sem conta corrente,24,atraso no pagamento no passado,móveis/equipamentos,4151,100 <= ... <  500 Marco Alemão,1  <= ... < 4 anos,2,Homem: solteiro,nenhum,3,contrato de poupança/seguro de vida da sociedade civil,35,nenhum,própria,2,funcionário/funcionário qualificado,1,Nenhum,Sim,Bom
0 <= ... < 200 Marco Alemão,9,créditos existentes pagos devidamente até agora,móveis/equipamentos,2030,desconhecido/sem conta poupança,4  <= ... < 7 anos,2,Homem: solteiro,nenhum,1,"carro ou outro, não em conta poupança/títulos",24,nenhum,própria,1,funcionário/funcionário qualificado,1,"Sim, registrado em nome do cliente",Sim,Bom
0 <= ... < 200 Marco Alemão,60,atraso no pagamento no passado,rádio/televisão,7418,desconhecido/sem conta poupança,1  <= ... < 4 anos,1,Homem: solteiro,nenhum,1,imobiliária,27,nenhum,própria,1,não qualificado - residente,1,Nenhum,Sim,Bom
sem conta corrente,24,conta crítica/outros créditos existentes (não neste banco),rádio/televisão,2684,... <  100 Marco Alemão,1  <= ... < 4 anos,4,Homem: solteiro,nenhum,2,imobiliária,35,nenhum,própria,2,não qualificado - residente,1,Nenhum,Sim,Bom
 ... <  0 Marco Alemão,12,todos os créditos deste banco foram devidamente pagos,rádio/televisão,2149,... <  100 Marco Alemão,1  <= ... < 4 anos,4,Homem: divorciado/separado,nenhum,1,desconhecido/sem propriedade,29,nenhum,de graça,1,funcionário/funcionário qualificado,1,Nenhum,Sim,Ruim
sem conta corrente,15,créditos existentes pagos devidamente até agora,carro (usado),3812,100 <= ... <  500 Marco Alemão,... < 1 ano,1,Mulher: divorciada/separada/casada,nenhum,4,"carro ou outro, não em conta poupança/títulos",23,nenhum,própria,1,funcionário/funcionário qualificado,1,"Sim, registrado em nome do cliente",Sim,Bom
sem conta corrente,11,conta crítica/outros créditos existentes (não neste banco),rádio/televisão,1154,100 <= ... <  500 Marco Alemão,desempregado,4,Mulher: divorciada/separada/casada,nenhum,4,imobiliária,57,nenhum,própria,3,não qualificado - residente,1,Nenhum,Sim,Bom
 ... <  0 Marco Alemão,12,créditos existentes pagos devidamente até agora,móveis/equipamentos,1657,... <  100 Marco Alemão,1  <= ... < 4 anos,2,Homem: solteiro,nenhum,2,imobiliária,27,nenhum,própria,1,funcionário/funcionário qualificado,1,Nenhum,Sim,Bom
 ... <  0 Marco Alemão,24,créditos existentes pagos devidamente até agora,rádio/televisão,1603,... <  100 Marco Alemão, ... >= 7 anos,4,Mulher: divorciada/separada/casada,nenhum,4,"carro ou outro, não em conta poupança/títulos",55,nenhum,própria,1,funcionário/funcionário qualificado,1,Nenhum,Sim,Bom
 ... <  0 Marco Alemão,18,conta crítica/outros créditos existentes (não neste banco),carro (novo),5302,... <  100 Marco Alemão, ... >= 7 anos,2,Homem: solteiro,nenhum,4,desconhecido/sem propriedade,36,nenhum,de graça,3,gestão / autônomo / funcionário / diretor altamente qualificado,1,"Sim, registrado em nome do cliente",Sim,Bom
sem conta corrente,12,conta crítica/outros créditos existentes (não neste banco),educação,2748,... <  100 Marco Alemão, ... >= 7 anos,2,Mulher: divorciada/separada/casada,nenhum,4,desconhecido/sem propriedade,57,banco,de graça,3,não qualificado - residente,1,Nenhum,Sim,Bom
sem conta corrente,10,conta crítica/outros créditos existentes (não neste banco),carro (novo),1231,... <  100 Marco Alemão, ... >= 7 anos,3,Homem: solteiro,nenhum,4,imobiliária,32,nenhum,própria,2,não qualificado - residente,2,Nenhum,Não,Bom
0 <= ... < 200 Marco Alemão,15,créditos existentes pagos devidamente até agora,rádio/televisão,802,... <  100 Marco Alemão, ... >= 7 anos,4,Homem: solteiro,nenhum,3,"carro ou outro, não em conta poupança/títulos",37,nenhum,própria,1,funcionário/funcionário qualificado,2,Nenhum,Sim,Ruim
sem conta corrente,36,conta crítica/outros créditos existentes (não neste banco),negócios,6304,desconhecido/sem conta poupança, ... >= 7 anos,4,Homem: solteiro,nenhum,4,imobiliária,36,nenhum,própria,2,funcionário/funcionário qualificado,1,Nenhum,Sim,Bom
sem conta corrente,24,créditos existentes pagos devidamente até agora,rádio/televisão,1533,... <  100 Marco Alemão,... < 1 ano,4,Mulher: divorciada/separada/casada,nenhum,3,"carro ou outro, não em conta poupança/títulos",38,lojas,própria,1,funcionário/funcionário qualificado,1,"Sim, registrado em nome do cliente",Sim,Bom
 ... <  0 Marco Alemão,14,créditos existentes pagos devidamente até agora,carro (novo),8978,... <  100 Marco Alemão, ... >= 7 anos,1,Homem: divorciado/separado,nenhum,4,contrato de poupança/seguro de vida da sociedade civil,45,nenhum,própria,1,gestão / autônomo / funcionário / diretor altamente qualificado,1,"Sim, registrado em nome do cliente",Não,Ruim
sem conta corrente,24,créditos existentes pagos devidamente até agora,rádio/televisão,999,desconhecido/sem conta poupança, ... >= 7 anos,4,Homem: solteiro,nenhum,2,"carro ou outro, não em conta poupança/títulos",25,nenhum,própria,2,funcionário/funcionário qualificado,1,Nenhum,Sim,Bom
sem conta corrente,18,créditos existentes pagos devidamente até agora,carro (novo),2662,desconhecido/sem conta poupança,4  <= ... < 7 anos,4,Homem: solteiro,nenhum,3,contrato de poupança/seguro de vida da sociedade civil,32,nenhum,própria,1,funcionário/funcionário qualificado,1,Nenhum,Não,Bom
sem conta corrente,12,conta crítica/outros créditos existentes (não neste banco),móveis/equipamentos,1402,500 <= ... < 1000 Marco Alemão,4  <= ... < 7 anos,3,Mulher: divorciada/separada/casada,nenhum,4,"carro ou outro, não em conta poupança/títulos",37,nenhum,alugada,1,funcionário/funcionário qualificado,1,"Sim, registrado em nome do cliente",Sim,Bom
0 <= ... < 200 Marco Alemão,48,todos os créditos deste banco foram devidamente pagos,carro (novo),12169,desconhecido/sem conta poupança,desempregado,4,Homem: solteiro,co-requerente,4,desconhecido/sem propriedade,36,nenhum,de graça,1,gestão / autônomo / funcionário / diretor altamente qualificado,1,"Sim, registrado em nome do cliente",Sim,Bom
0 <= ... < 200 Marco Alemão,48,créditos existentes pagos devidamente até agora,rádio/televisão,3060,... <  100 Marco Alemão,4  <= ... < 7 anos,4,Homem: solteiro,nenhum,4,imobiliária,28,nenhum,própria,2,funcionário/funcionário qualificado,1,Nenhum,Sim,Ruim
 ... <  0 Marco Alemão,30,créditos existentes pagos devidamente até agora,reparos,11998,... <  100 Marco Alemão,... < 1 ano,1,Homem: divorciado/separado,nenhum,1,desconhecido/sem propriedade,34,nenhum,própria,1,não qualificado - residente,1,"Sim, registrado em nome do cliente",Sim,Ruim
sem conta corrente,9,créditos existentes pagos devidamente até agora,rádio/televisão,2697,... <  100 Marco Alemão,1  <= ... < 4 anos,1,Homem: solteiro,nenhum,2,imobiliária,32,nenhum,própria,1,funcionário/funcionário qualificado,2,Nenhum,Sim,Bom
sem conta corrente,18,conta crítica/outros créditos existentes (não neste banco),rádio/televisão,2404,... <  100 Marco Alemão,1  <= ... < 4 anos,2,Mulher: divorciada/separada/casada,nenhum,2,"carro ou outro, não em conta poupança/títulos",26,nenhum,própria,2,funcionário/funcionário qualificado,1,Nenhum,Sim,Bom
 ... <  0 Marco Alemão,12,créditos existentes pagos devidamente até agora,móveis/equipamentos,1262,desconhecido/sem conta poupança, ... >= 7 anos,2,Homem: divorciado/separado,nenhum,4,contrato de poupança/seguro de vida da sociedade civil,49,nenhum,própria,1,não qualificado - residente,1,"Sim, registrado em nome do cliente",Sim,Bom
sem conta corrente,6,créditos existentes pagos devidamente até agora,móveis/equipamentos,4611,... <  100 Marco Alemão,... < 1 ano,1,Mulher: divorciada/separada/casada,nenhum,4,contrato de poupança/seguro de vida da sociedade civil,32,nenhum,própria,1,funcionário/funcionário qualificado,1,Nenhum,Sim,Ruim
sem conta corrente,24,créditos existentes pagos devidamente até agora,rádio/televisão,1901,100 <= ... <  500 Marco Alemão,1  <= ... < 4 anos,4,Homem: solteiro,nenhum,4,"carro ou outro, não em conta poupança/títulos",29,nenhum,alugada,1,gestão / autônomo / funcionário / diretor altamente qualificado,1,"Sim, registrado em nome do cliente",Sim,Bom
sem conta corrente,15,conta crítica/outros créditos existentes (não neste banco),carro (usado),3368, ... >= 1000 Marco Alemão, ... >= 7 anos,3,Homem: solteiro,nenhum,4,desconhecido/sem propriedade,23,nenhum,alugada,2,funcionário/funcionário qualificado,1,"Sim, registrado em nome do cliente",Sim,Bom
sem conta corrente,12,créditos existentes pagos devidamente até agora,móveis/equipamentos,1574,... <  100 Marco Alemão,1  <= ... < 4 anos,4,Homem: solteiro,nenhum,2,imobiliária,50,nenhum,própria,1,funcionário/funcionário qualificado,1,Nenhum,Sim,Bom
... >= 200 Marco Alemão/ atribuições salariais por pelo menos 1 ano,18,todos os créditos deste banco foram devidamente pagos,rádio/televisão,1445,desconhecido/sem conta poupança,4  <= ... < 7 anos,4,Homem: solteiro,nenhum,4,"carro ou outro, não em conta poupança/títulos",49,banco,própria,1,não qualificado - residente,1,Nenhum,Sim,Bom
sem conta corrente,15,conta crítica/outros créditos existentes (não neste banco),móveis/equipamentos,1520,desconhecido/sem conta poupança, ... >= 7 anos,4,Homem: solteiro,nenhum,4,contrato de poupança/seguro de vida da sociedade civil,63,nenhum,própria,1,funcionário/funcionário qualificado,1,Nenhum,Sim,Bom
0 <= ... < 200 Marco Alemão,24,conta crítica/outros créditos existentes (não neste banco),carro (novo),3878,100 <= ... <  500 Marco Alemão,... < 1 ano,4,Homem: divorciado/separado,nenhum,2,"carro ou outro, não em conta poupança/títulos",37,nenhum,própria,1,funcionário/funcionário qualificado,1,"Sim, registrado em nome do cliente",Sim,Bom
 ... <  0 Marco Alemão,47,créditos existentes pagos devidamente até agora,carro (novo),10722,... <  100 Marco Alemão,... < 1 ano,1,Mulher: divorciada/separada/casada,nenhum,1,imobiliária,35,nenhum,própria,1,não qualificado - residente,1,"Sim, registrado em nome do cliente",Sim,Bom
 ... <  0 Marco Alemão,48,créditos existentes pagos devidamente até agora,carro (usado),4788,... <  100 Marco Alemão,4  <= ... < 7 anos,4,Homem: solteiro,nenhum,3,contrato de poupança/seguro de vida da sociedade civil,26,nenhum,própria,1,funcionário/funcionário qualificado,2,Nenhum,Sim,Bom
0 <= ... < 200 Marco Alemão,48,atraso no pagamento no passado,carro (usado)0,7582,100 <= ... <  500 Marco Alemão,desempregado,2,Homem: solteiro,nenhum,4,desconhecido/sem propriedade,31,nenhum,de graça,1,gestão / autônomo / funcionário / diretor altamente qualificado,1,"Sim, registrado em nome do cliente",Sim,Bom
0 <= ... < 200 Marco Alemão,12,créditos existentes pagos devidamente até agora,rádio/televisão,1092,... <  100 Marco Alemão,1  <= ... < 4 anos,4,Mulher: divorciada/separada/casada,fiador,4,imobiliária,49,nenhum,própria,2,funcionário/funcionário qualificado,1,"Sim, registrado em nome do cliente",Sim,Bom
 ... <  0 Marco Alemão,24,atraso no pagamento no passado,rádio/televisão,1024,... <  100 Marco Alemão,... < 1 ano,4,Homem: casado/viúvo,nenhum,4,imobiliária,48,lojas,própria,1,funcionário/funcionário qualificado,1,Nenhum,Sim,Ruim
sem conta corrente,12,créditos existentes pagos devidamente até agora,negócios,1076,... <  100 Marco Alemão,1  <= ... < 4 anos,2,Homem: casado/viúvo,nenhum,2,imobiliária,26,nenhum,própria,1,funcionário/funcionário qualificado,1,"Sim, registrado em nome do cliente",Não,Bom
0 <= ... < 200 Marco Alemão,36,créditos existentes pagos devidamente até agora,carro (usado),9398,... <  100 Marco Alemão,... < 1 ano,1,Homem: casado/viúvo,nenhum,4,"carro ou outro, não em conta poupança/títulos",28,nenhum,alugada,1,gestão / autônomo / funcionário / diretor altamente qualificado,1,"Sim, registrado em nome do cliente",Sim,Ruim
 ... <  0 Marco Alemão,24,conta crítica/outros créditos existentes (não neste banco),carro (usado),6419,... <  100 Marco Alemão, ... >= 7 anos,2,Mulher: divorciada/separada/casada,nenhum,4,desconhecido/sem propriedade,44,nenhum,de graça,2,gestão / autônomo / funcionário / diretor altamente qualificado,2,"Sim, registrado em nome do cliente",Sim,Bom
... >= 200 Marco Alemão/ atribuições salariais por pelo menos 1 ano,42,conta crítica/outros créditos existentes (não neste banco),carro (usado),4796,... <  100 Marco Alemão, ... >= 7 anos,4,Homem: solteiro,nenhum,4,desconhecido/sem propriedade,56,nenhum,de graça,1,funcionário/funcionário qualificado,1,Nenhum,Sim,Bom
sem conta corrente,48,conta crítica/outros créditos existentes (não neste banco),negócios,7629,desconhecido/sem conta poupança, ... >= 7 anos,4,Homem: divorciado/separado,nenhum,2,"carro ou outro, não em conta poupança/títulos",46,banco,própria,2,gestão / autônomo / funcionário / diretor altamente qualificado,2,Nenhum,Sim,Bom
0 <= ... < 200 Marco Alemão,48,créditos existentes pagos devidamente até agora,móveis/equipamentos,9960,... <  100 Marco Alemão,... < 1 ano,1,Mulher: divorciada/separada/casada,nenhum,2,"carro ou outro, não em conta poupança/títulos",26,nenhum,própria,1,funcionário/funcionário qualificado,1,"Sim, registrado em nome do cliente",Sim,Ruim
sem conta corrente,12,créditos existentes pagos devidamente até agora,carro (usado),4675,desconhecido/sem conta poupança,... < 1 ano,1,Mulher: divorciada/separada/casada,nenhum,4,"carro ou outro, não em conta poupança/títulos",20,nenhum,alugada,1,funcionário/funcionário qualificado,1,Nenhum,Sim,Bom
sem conta corrente,10,créditos existentes pagos devidamente até agora,carro (novo),1287,desconhecido/sem conta poupança, ... >= 7 anos,4,Homem: solteiro,co-requerente,2,contrato de poupança/seguro de vida da sociedade civil,45,nenhum,própria,1,não qualificado - residente,1,Nenhum,Não,Bom
sem conta corrente,18,créditos existentes pagos devidamente até agora,móveis/equipamentos,2515,... <  100 Marco Alemão,1  <= ... < 4 anos,3,Homem: solteiro,nenhum,4,imobiliária,43,nenhum,própria,1,funcionário/funcionário qualificado,1,"Sim, registrado em nome do cliente",Sim,Bom
0 <= ... < 200 Marco Alemão,21,conta crítica/outros créditos existentes (não neste banco),móveis/equipamentos,2745, ... >= 1000 Marco Alemão,4  <= ... < 7 anos,3,Homem: solteiro,nenhum,2,"carro ou outro, não em conta poupança/títulos",32,nenhum,própria,2,funcionário/funcionário qualificado,1,"Sim, registrado em nome do cliente",Sim,Bom
sem conta corrente,6,créditos existentes pagos devidamente até agora,carro (novo),672,... <  100 Marco Alemão,desempregado,1,Mulher: divorciada/separada/casada,nenhum,4,imobiliária,54,nenhum,própria,1,desempregado/não qualificado - não residente,1,"Sim, registrado em nome do cliente",Sim,Bom
0 <= ... < 200 Marco Alemão,36,nenhum crédito obtido/todos os créditos pagos devidamente,rádio/televisão,3804,... <  100 Marco Alemão,1  <= ... < 4 anos,4,Mulher: divorciada/separada/casada,nenhum,1,"carro ou outro, não em conta poupança/títulos",42,nenhum,própria,1,funcionário/funcionário qualificado,1,"Sim, registrado em nome do cliente",Sim,Ruim
... >= 200 Marco Alemão/ atribuições salariais por pelo menos 1 ano,24,conta crítica/outros créditos existentes (não neste banco),carro (novo),1344,desconhecido/sem conta poupança,4  <= ... < 7 anos,4,Homem: solteiro,nenhum,2,imobiliária,37,banco,própria,2,não qualificado - residente,2,Nenhum,Sim,Ruim
 ... <  0 Marco Alemão,10,conta crítica/outros créditos existentes (não neste banco),carro (novo),1038,... <  100 Marco Alemão,4  <= ... < 7 anos,4,Homem: solteiro,co-requerente,3,contrato de poupança/seguro de vida da sociedade civil,49,nenhum,própria,2,funcionário/funcionário qualificado,1,"Sim, registrado em nome do cliente",Sim,Bom
sem conta corrente,48,conta crítica/outros créditos existentes (não neste banco),carro (novo),10127,500 <= ... < 1000 Marco Alemão,1  <= ... < 4 anos,2,Homem: solteiro,nenhum,2,desconhecido/sem propriedade,44,banco,de graça,1,funcionário/funcionário qualificado,1,Nenhum,Sim,Ruim
sem conta corrente,6,créditos existentes pagos devidamente até agora,móveis/equipamentos,1543, ... >= 1000 Marco Alemão,1  <= ... < 4 anos,4,Homem: divorciado/separado,nenhum,2,imobiliária,33,nenhum,própria,1,funcionário/funcionário qualificado,1,Nenhum,Sim,Bom
sem conta corrente,30,créditos existentes pagos devidamente até agora,carro (usado),4811,desconhecido/sem conta poupança,4  <= ... < 7 anos,2,Mulher: divorciada/separada/casada,nenhum,4,contrato de poupança/seguro de vida da sociedade civil,24,lojas,alugada,1,não qualificado - residente,1,Nenhum,Sim,Bom
 ... <  0 Marco Alemão,12,créditos existentes pagos devidamente até agora,rádio/televisão,727,100 <= ... <  500 Marco Alemão,... < 1 ano,4,Homem: casado/viúvo,nenhum,3,desconhecido/sem propriedade,33,nenhum,própria,1,não qualificado - residente,1,"Sim, registrado em nome do cliente",Sim,Ruim
0 <= ... < 200 Marco Alemão,8,créditos existentes pagos devidamente até agora,móveis/equipamentos,1237,... <  100 Marco Alemão,1  <= ... < 4 anos,3,Mulher: divorciada/separada/casada,nenhum,4,imobiliária,24,nenhum,própria,1,funcionário/funcionário qualificado,1,Nenhum,Sim,Ruim
0 <= ... < 200 Marco Alemão,9,créditos existentes pagos devidamente até agora,carro (novo),276,... <  100 Marco Alemão,1  <= ... < 4 anos,4,Homem: casado/viúvo,nenhum,4,imobiliária,22,nenhum,alugada,1,não qualificado - residente,1,Nenhum,Sim,Bom
0 <= ... < 200 Marco Alemão,48,créditos existentes pagos devidamente até agora,carro (usado)0,5381,desconhecido/sem conta poupança,desempregado,3,Homem: solteiro,nenhum,4,desconhecido/sem propriedade,40,banco,de graça,1,desempregado/não qualificado - não residente,1,"Sim, registrado em nome do cliente",Sim,Bom
sem conta corrente,24,créditos existentes pagos devidamente até agora,móveis/equipamentos,5511,100 <= ... <  500 Marco Alemão,1  <= ... < 4 anos,4,Homem: solteiro,nenhum,1,"carro ou outro, não em conta poupança/títulos",25,lojas,própria,1,funcionário/funcionário qualificado,1,Nenhum,Sim,Bom
... >= 200 Marco Alemão/ atribuições salariais por pelo menos 1 ano,24,créditos existentes pagos devidamente até agora,móveis/equipamentos,3749,... <  100 Marco Alemão,... < 1 ano,2,Mulher: divorciada/separada/casada,nenhum,4,"carro ou outro, não em conta poupança/títulos",26,nenhum,própria,1,funcionário/funcionário qualificado,1,Nenhum,Sim,Bom
0 <= ... < 200 Marco Alemão,12,créditos existentes pagos devidamente até agora,carro (novo),685,... <  100 Marco Alemão,4  <= ... < 7 anos,2,Homem: casado/viúvo,nenhum,3,"carro ou outro, não em conta poupança/títulos",25,banco,própria,1,não qualificado - residente,1,Nenhum,Sim,Ruim
... >= 200 Marco Alemão/ atribuições salariais por pelo menos 1 ano,4,créditos existentes pagos devidamente até agora,carro (novo),1494,desconhecido/sem conta poupança,... < 1 ano,1,Homem: solteiro,nenhum,2,imobiliária,29,nenhum,própria,1,não qualificado - residente,2,Nenhum,Não,Bom
 ... <  0 Marco Alemão,36,todos os créditos deste banco foram devidamente pagos,móveis/equipamentos,2746,... <  100 Marco Alemão, ... >= 7 anos,4,Homem: solteiro,nenhum,4,"carro ou outro, não em conta poupança/títulos",31,banco,própria,1,funcionário/funcionário qualificado,1,Nenhum,Sim,Ruim
 ... <  0 Marco Alemão,12,créditos existentes pagos devidamente até agora,móveis/equipamentos,708,... <  100 Marco Alemão,1  <= ... < 4 anos,2,Homem: solteiro,fiador,3,contrato de poupança/seguro de vida da sociedade civil,38,nenhum,própria,1,não qualificado - residente,2,Nenhum,Sim,Bom
0 <= ... < 200 Marco Alemão,24,créditos existentes pagos devidamente até agora,móveis/equipamentos,4351,desconhecido/sem conta poupança,1  <= ... < 4 anos,1,Mulher: divorciada/separada/casada,nenhum,4,contrato de poupança/seguro de vida da sociedade civil,48,nenhum,própria,1,não qualificado - residente,1,"Sim, registrado em nome do cliente",Sim,Bom
sem conta corrente,12,conta crítica/outros créditos existentes (não neste banco),educação,701,... <  100 Marco Alemão,1  <= ... < 4 anos,4,Homem: solteiro,nenhum,2,"carro ou outro, não em conta poupança/títulos",32,nenhum,própria,2,funcionário/funcionário qualificado,1,Nenhum,Sim,Bom
 ... <  0 Marco Alemão,15,atraso no pagamento no passado,móveis/equipamentos,3643,... <  100 Marco Alemão, ... >= 7 anos,1,Mulher: divorciada/separada/casada,nenhum,4,contrato de poupança/seguro de vida da sociedade civil,27,nenhum,própria,2,não qualificado - residente,1,Nenhum,Sim,Bom
0 <= ... < 200 Marco Alemão,30,conta crítica/outros créditos existentes (não neste banco),carro (novo),4249,... <  100 Marco Alemão,desempregado,4,Homem: casado/viúvo,nenhum,2,"carro ou outro, não em conta poupança/títulos",28,nenhum,própria,2,gestão / autônomo / funcionário / diretor altamente qualificado,1,Nenhum,Sim,Ruim
 ... <  0 Marco Alemão,24,créditos existentes pagos devidamente até agora,rádio/televisão,1938,... <  100 Marco Alemão,... < 1 ano,4,Homem: divorciado/separado,nenhum,3,contrato de poupança/seguro de vida da sociedade civil,32,nenhum,própria,1,funcionário/funcionário qualificado,1,Nenhum,Sim,Ruim
 ... <  0 Marco Alemão,24,créditos existentes pagos devidamente até agora,carro (usado),2910,... <  100 Marco Alemão,4  <= ... < 7 anos,2,Homem: solteiro,nenhum,1,desconhecido/sem propriedade,34,nenhum,de graça,1,gestão / autônomo / funcionário / diretor altamente qualificado,1,"Sim, registrado em nome do cliente",Sim,Bom
 ... <  0 Marco Alemão,18,créditos existentes pagos devidamente até agora,móveis/equipamentos,2659, ... >= 1000 Marco Alemão,1  <= ... < 4 anos,4,Homem: solteiro,nenhum,2,"carro ou outro, não em conta poupança/títulos",28,nenhum,própria,1,funcionário/funcionário qualificado,1,Nenhum,Sim,Bom
sem conta corrente,18,conta crítica/outros créditos existentes (não neste banco),carro (novo),1028,... <  100 Marco Alemão,1  <= ... < 4 anos,4,Mulher: divorciada/separada/casada,nenhum,3,imobiliária,36,nenhum,própria,2,funcionário/funcionário qualificado,1,Nenhum,Sim,Bom
 ... <  0 Marco Alemão,8,conta crítica/outros créditos existentes (não neste banco),carro (novo),3398,... <  100 Marco Alemão,4  <= ... < 7 anos,1,Homem: solteiro,nenhum,4,imobiliária,39,nenhum,própria,2,não qualificado - residente,1,Nenhum,Não,Bom
sem conta corrente,12,conta crítica/outros créditos existentes (não neste banco),móveis/equipamentos,5801,desconhecido/sem conta poupança, ... >= 7 anos,2,Homem: solteiro,nenhum,4,contrato de poupança/seguro de vida da sociedade civil,49,nenhum,alugada,1,funcionário/funcionário qualificado,1,"Sim, registrado em nome do cliente",Sim,Bom
sem conta corrente,24,créditos existentes pagos devidamente até agora,carro (novo),1525, ... >= 1000 Marco Alemão,4  <= ... < 7 anos,4,Mulher: divorciada/separada/casada,nenhum,3,"carro ou outro, não em conta poupança/títulos",34,nenhum,própria,1,funcionário/funcionário qualificado,2,"Sim, registrado em nome do cliente",Sim,Bom
... >= 200 Marco Alemão/ atribuições salariais por pelo menos 1 ano,36,créditos existentes pagos devidamente até agora,rádio/televisão,4473,... <  100 Marco Alemão, ... >= 7 anos,4,Homem: solteiro,nenhum,2,"carro ou outro, não em conta poupança/títulos",31,nenhum,própria,1,funcionário/funcionário qualificado,1,Nenhum,Sim,Bom
0 <= ... < 200 Marco Alemão,6,créditos existentes pagos devidamente até agora,rádio/televisão,1068,... <  100 Marco Alemão, ... >= 7 anos,4,Homem: solteiro,nenhum,4,"carro ou outro, não em conta poupança/títulos",28,nenhum,própria,1,funcionário/funcionário qualificado,2,Nenhum,Sim,Bom
 ... <  0 Marco Alemão,24,conta crítica/outros créditos existentes (não neste banco),carro (usado),6615,... <  100 Marco Alemão,desempregado,2,Homem: solteiro,nenhum,4,desconhecido/sem propriedade,75,nenhum,de graça,2,gestão / autônomo / funcionário / diretor altamente qualificado,1,"Sim, registrado em nome do cliente",Sim,Bom
sem conta corrente,18,conta crítica/outros créditos existentes (não neste banco),educação,1864,100 <= ... <  500 Marco Alemão,1  <= ... < 4 anos,4,Mulher: divorciada/separada/casada,nenhum,2,imobiliária,30,nenhum,própria,2,funcionário/funcionário qualificado,1,Nenhum,Sim,Ruim
0 <= ... < 200 Marco Alemão,60,créditos existentes pagos devidamente até agora,carro (novo),7408,100 <= ... <  500 Marco Alemão,... < 1 ano,4,Mulher: divorciada/separada/casada,nenhum,2,contrato de poupança/seguro de vida da sociedade civil,24,nenhum,própria,1,gestão / autônomo / funcionário / diretor altamente qualificado,1,Nenhum,Sim,Ruim
sem conta corrente,48,conta crítica/outros créditos existentes (não neste banco),carro (usado),11590,100 <= ... <  500 Marco Alemão,1  <= ... < 4 anos,2,Mulher: divorciada/separada/casada,nenhum,4,"carro ou outro, não em conta poupança/títulos",24,banco,alugada,2,não qualificado - residente,1,Nenhum,Sim,Ruim
 ... <  0 Marco Alemão,24,nenhum crédito obtido/todos os créditos pagos devidamente,móveis/equipamentos,4110,... <  100 Marco Alemão, ... >= 7 anos,3,Homem: solteiro,nenhum,4,desconhecido/sem propriedade,23,banco,alugada,2,funcionário/funcionário qualificado,2,Nenhum,Sim,Ruim
 ... <  0 Marco Alemão,6,conta crítica/outros créditos existentes (não neste banco),móveis/equipamentos,3384,... <  100 Marco Alemão,1  <= ... < 4 anos,1,Homem: divorciado/separado,nenhum,4,imobiliária,44,nenhum,alugada,1,gestão / autônomo / funcionário / diretor altamente qualificado,1,"Sim, registrado em nome do cliente",Sim,Ruim
0 <= ... < 200 Marco Alemão,13,créditos existentes pagos devidamente até agora,rádio/televisão,2101,... <  100 Marco Alemão,... < 1 ano,2,Mulher: divorciada/separada/casada,fiador,4,contrato de poupança/seguro de vida da sociedade civil,23,nenhum,própria,1,não qualificado - residente,1,Nenhum,Sim,Bom
 ... <  0 Marco Alemão,15,créditos existentes pagos devidamente até agora,eletrodomésticos,1275,desconhecido/sem conta poupança,1  <= ... < 4 anos,4,Mulher: divorciada/separada/casada,nenhum,2,"carro ou outro, não em conta poupança/títulos",24,nenhum,alugada,1,funcionário/funcionário qualificado,1,Nenhum,Sim,Ruim
 ... <  0 Marco Alemão,24,créditos existentes pagos devidamente até agora,móveis/equipamentos,4169,... <  100 Marco Alemão,1  <= ... < 4 anos,4,Homem: solteiro,nenhum,4,contrato de poupança/seguro de vida da sociedade civil,28,nenhum,própria,1,funcionário/funcionário qualificado,1,Nenhum,Sim,Bom
0 <= ... < 200 Marco Alemão,10,créditos existentes pagos devidamente até agora,móveis/equipamentos,1521,... <  100 Marco Alemão,1  <= ... < 4 anos,4,Homem: divorciado/separado,nenhum,2,"carro ou outro, não em conta poupança/títulos",31,nenhum,própria,1,não qualificado - residente,1,Nenhum,Sim,Bom
0 <= ... < 200 Marco Alemão,24,conta crítica/outros créditos existentes (não neste banco),educação,5743,... <  100 Marco Alemão,... < 1 ano,2,Mulher: divorciada/separada/casada,nenhum,4,desconhecido/sem propriedade,24,nenhum,de graça,2,funcionário/funcionário qualificado,1,"Sim, registrado em nome do cliente",Sim,Bom
 ... <  0 Marco Alemão,21,créditos existentes pagos devidamente até agora,móveis/equipamentos,3599,... <  100 Marco Alemão,4  <= ... < 7 anos,1,Mulher: divorciada/separada/casada,nenhum,4,"carro ou outro, não em conta poupança/títulos",26,nenhum,alugada,1,não qualificado - residente,1,Nenhum,Sim,Bom
0 <= ... < 200 Marco Alemão,18,créditos existentes pagos devidamente até agora,rádio/televisão,3213,500 <= ... < 1000 Marco Alemão,... < 1 ano,1,Homem: casado/viúvo,nenhum,3,imobiliária,25,nenhum,alugada,1,funcionário/funcionário qualificado,1,Nenhum,Sim,Bom
0 <= ... < 200 Marco Alemão,18,créditos existentes pagos devidamente até agora,negócios,4439,... <  100 Marco Alemão, ... >= 7 anos,1,Homem: solteiro,co-requerente,1,imobiliária,33,banco,própria,1,gestão / autônomo / funcionário / diretor altamente qualificado,1,"Sim, registrado em nome do cliente",Sim,Bom
... >= 200 Marco Alemão/ atribuições salariais por pelo menos 1 ano,10,créditos existentes pagos devidamente até agora,carro (novo),3949,... <  100 Marco Alemão,... < 1 ano,1,Homem: solteiro,fiador,1,contrato de poupança/seguro de vida da sociedade civil,37,nenhum,própria,1,não qualificado - residente,2,Nenhum,Sim,Bom
sem conta corrente,15,conta crítica/outros créditos existentes (não neste banco),rádio/televisão,1459,... <  100 Marco Alemão,1  <= ... < 4 anos,4,Mulher: divorciada/separada/casada,nenhum,2,"carro ou outro, não em conta poupança/títulos",43,nenhum,própria,1,não qualificado - residente,1,Nenhum,Sim,Bom
0 <= ... < 200 Marco Alemão,13,conta crítica/outros créditos existentes (não neste banco),rádio/televisão,882,... <  100 Marco Alemão,... < 1 ano,4,Homem: solteiro,fiador,4,imobiliária,23,nenhum,própria,2,funcionário/funcionário qualificado,1,Nenhum,Sim,Bom
0 <= ... < 200 Marco Alemão,24,créditos existentes pagos devidamente até agora,rádio/televisão,3758,500 <= ... < 1000 Marco Alemão,desempregado,1,Mulher: divorciada/separada/casada,nenhum,4,desconhecido/sem propriedade,23,nenhum,alugada,1,desempregado/não qualificado - não residente,1,Nenhum,Sim,Bom
sem conta corrente,6,atraso no pagamento no passado,negócios,1743,100 <= ... <  500 Marco Alemão,1  <= ... < 4 anos,1,Homem: solteiro,nenhum,2,imobiliária,34,nenhum,própria,2,não qualificado - residente,1,Nenhum,Sim,Bom
0 <= ... < 200 Marco Alemão,9,conta crítica/outros créditos existentes (não neste banco),educação,1136, ... >= 1000 Marco Alemão, ... >= 7 anos,4,Homem: solteiro,nenhum,3,desconhecido/sem propriedade,32,nenhum,de graça,2,funcionário/funcionário qualificado,2,Nenhum,Sim,Ruim
sem conta corrente,9,créditos existentes pagos devidamente até agora,eletrodomésticos,1236,... <  100 Marco Alemão,... < 1 ano,1,Mulher: divorciada/separada/casada,nenhum,4,imobiliária,23,nenhum,alugada,1,funcionário/funcionário qualificado,1,"Sim, registrado em nome do cliente",Sim,Bom
0 <= ... < 200 Marco Alemão,9,créditos existentes pagos devidamente até agora,móveis/equipamentos,959,... <  100 Marco Alemão,1  <= ... < 4 anos,1,Mulher: divorciada/separada/casada,nenhum,2,"carro ou outro, não em conta poupança/títulos",29,nenhum,própria,1,funcionário/funcionário qualificado,1,Nenhum,Não,Ruim
sem conta corrente,18,conta crítica/outros créditos existentes (não neste banco),carro (usado),3229,desconhecido/sem conta poupança,desempregado,2,Homem: solteiro,nenhum,4,desconhecido/sem propriedade,38,nenhum,própria,1,gestão / autônomo / funcionário / diretor altamente qualificado,1,"Sim, registrado em nome do cliente",Sim,Bom
 ... <  0 Marco Alemão,12,nenhum crédito obtido/todos os créditos pagos devidamente,rádio/televisão,6199,... <  100 Marco Alemão,1  <= ... < 4 anos,4,Homem: solteiro,nenhum,2,contrato de poupança/seguro de vida da sociedade civil,28,nenhum,alugada,2,funcionário/funcionário qualificado,1,"Sim, registrado em nome do cliente",Sim,Ruim
sem conta corrente,10,créditos existentes pagos devidamente até agora,educação,727,500 <= ... < 1000 Marco Alemão, ... >= 7 anos,4,Homem: solteiro,nenhum,4,desconhecido/sem propriedade,46,nenhum,de graça,1,funcionário/funcionário qualificado,1,"Sim, registrado em nome do cliente",Sim,Bom
0 <= ... < 200 Marco Alemão,24,créditos existentes pagos devidamente até agora,carro (novo),1246,... <  100 Marco Alemão,... < 1 ano,4,Homem: solteiro,nenhum,2,imobiliária,23,lojas,própria,1,não qualificado - residente,1,Nenhum,Sim,Ruim
sem conta corrente,12,conta crítica/outros créditos existentes (não neste banco),rádio/televisão,2331,desconhecido/sem conta poupança, ... >= 7 anos,1,Homem: solteiro,co-requerente,4,imobiliária,49,nenhum,própria,1,funcionário/funcionário qualificado,1,"Sim, registrado em nome do cliente",Sim,Bom
sem conta corrente,36,atraso no pagamento no passado,rádio/televisão,4463,... <  100 Marco Alemão,1  <= ... < 4 anos,4,Homem: solteiro,nenhum,2,"carro ou outro, não em conta poupança/títulos",26,nenhum,própria,2,gestão / autônomo / funcionário / diretor altamente qualificado,1,"Sim, registrado em nome do cliente",Sim,Ruim
sem conta corrente,12,créditos existentes pagos devidamente até agora,rádio/televisão,776,... <  100 Marco Alemão,1  <= ... < 4 anos,4,Homem: casado/viúvo,nenhum,2,imobiliária,28,nenhum,própria,1,funcionário/funcionário qualificado,1,Nenhum,Sim,Bom
 ... <  0 Marco Alemão,30,créditos existentes pagos devidamente até agora,móveis/equipamentos,2406,... <  100 Marco Alemão,4  <= ... < 7 anos,4,Mulher: divorciada/separada/casada,nenhum,4,imobiliária,23,nenhum,alugada,1,funcionário/funcionário qualificado,1,Nenhum,Sim,Ruim
0 <= ... < 200 Marco Alemão,18,créditos existentes pagos devidamente até agora,educação,1239,desconhecido/sem conta poupança,1  <= ... < 4 anos,4,Homem: solteiro,nenhum,4,desconhecido/sem propriedade,61,nenhum,de graça,1,funcionário/funcionário qualificado,1,Nenhum,Sim,Bom
... >= 200 Marco Alemão/ atribuições salariais por pelo menos 1 ano,12,créditos existentes pagos devidamente até agora,rádio/televisão,3399,desconhecido/sem conta poupança, ... >= 7 anos,2,Homem: solteiro,nenhum,3,"carro ou outro, não em conta poupança/títulos",37,nenhum,própria,1,gestão / autônomo / funcionário / diretor altamente qualificado,1,Nenhum,Sim,Bom
... >= 200 Marco Alemão/ atribuições salariais por pelo menos 1 ano,12,atraso no pagamento no passado,carro (novo),2247,... <  100 Marco Alemão,1  <= ... < 4 anos,2,Mulher: divorciada/separada/casada,nenhum,2,"carro ou outro, não em conta poupança/títulos",36,lojas,própria,2,funcionário/funcionário qualificado,1,"Sim, registrado em nome do cliente",Sim,Bom
sem conta corrente,6,créditos existentes pagos devidamente até agora,móveis/equipamentos,1766,... <  100 Marco Alemão,1  <= ... < 4 anos,1,Homem: casado/viúvo,nenhum,2,contrato de poupança/seguro de vida da sociedade civil,21,nenhum,alugada,1,funcionário/funcionário qualificado,1,Nenhum,Sim,Bom
 ... <  0 Marco Alemão,18,créditos existentes pagos devidamente até agora,móveis/equipamentos,2473,... <  100 Marco Alemão,desempregado,4,Homem: solteiro,nenhum,1,"carro ou outro, não em conta poupança/títulos",25,nenhum,própria,1,desempregado/não qualificado - não residente,1,Nenhum,Sim,Ruim
sem conta corrente,12,créditos existentes pagos devidamente até agora,negócios,1542,... <  100 Marco Alemão,4  <= ... < 7 anos,2,Homem: solteiro,nenhum,4,"carro ou outro, não em conta poupança/títulos",36,nenhum,própria,1,funcionário/funcionário qualificado,1,"Sim, registrado em nome do cliente",Sim,Bom
sem conta corrente,18,conta crítica/outros créditos existentes (não neste banco),carro (usado),3850,... <  100 Marco Alemão,4  <= ... < 7 anos,3,Homem: solteiro,nenhum,1,"carro ou outro, não em conta poupança/títulos",27,nenhum,própria,2,funcionário/funcionário qualificado,1,Nenhum,Sim,Bom
 ... <  0 Marco Alemão,18,créditos existentes pagos devidamente até agora,móveis/equipamentos,3650,... <  100 Marco Alemão,... < 1 ano,1,Mulher: divorciada/separada/casada,nenhum,4,"carro ou outro, não em conta poupança/títulos",22,nenhum,alugada,1,funcionário/funcionário qualificado,1,Nenhum,Sim,Bom
 ... <  0 Marco Alemão,36,créditos existentes pagos devidamente até agora,móveis/equipamentos,3446,... <  100 Marco Alemão, ... >= 7 anos,4,Homem: solteiro,nenhum,2,"carro ou outro, não em conta poupança/títulos",42,nenhum,própria,1,funcionário/funcionário qualificado,2,Nenhum,Sim,Ruim
0 <= ... < 200 Marco Alemão,18,créditos existentes pagos devidamente até agora,móveis/equipamentos,3001,... <  100 Marco Alemão,4  <= ... < 7 anos,2,Mulher: divorciada/separada/casada,nenhum,4,imobiliária,40,nenhum,alugada,1,funcionário/funcionário qualificado,1,Nenhum,Sim,Bom
sem conta corrente,36,créditos existentes pagos devidamente até agora,carro (novo),3079,desconhecido/sem conta poupança,1  <= ... < 4 anos,4,Homem: solteiro,nenhum,4,imobiliária,36,nenhum,própria,1,funcionário/funcionário qualificado,1,Nenhum,Sim,Bom
sem conta corrente,18,conta crítica/outros créditos existentes (não neste banco),rádio/televisão,6070,... <  100 Marco Alemão, ... >= 7 anos,3,Homem: solteiro,nenhum,4,"carro ou outro, não em conta poupança/títulos",33,nenhum,própria,2,funcionário/funcionário qualificado,1,"Sim, registrado em nome do cliente",Sim,Bom
sem conta corrente,10,conta crítica/outros créditos existentes (não neste banco),móveis/equipamentos,2146,... <  100 Marco Alemão,... < 1 ano,1,Mulher: divorciada/separada/casada,nenhum,3,imobiliária,23,nenhum,alugada,2,funcionário/funcionário qualificado,1,Nenhum,Sim,Bom
sem conta corrente,60,conta crítica/outros créditos existentes (não neste banco),carro (novo),13756,desconhecido/sem conta poupança, ... >= 7 anos,2,Homem: solteiro,nenhum,4,desconhecido/sem propriedade,63,banco,de graça,1,gestão / autônomo / funcionário / diretor altamente qualificado,1,"Sim, registrado em nome do cliente",Sim,Bom
0 <= ... < 200 Marco Alemão,60,todos os créditos deste banco foram devidamente pagos,carro (usado)0,14782,100 <= ... <  500 Marco Alemão, ... >= 7 anos,3,Mulher: divorciada/separada/casada,nenhum,4,desconhecido/sem propriedade,60,banco,de graça,2,gestão / autônomo / funcionário / diretor altamente qualificado,1,"Sim, registrado em nome do cliente",Sim,Ruim
 ... <  0 Marco Alemão,48,todos os créditos deste banco foram devidamente pagos,negócios,7685,... <  100 Marco Alemão,4  <= ... < 7 anos,2,Mulher: divorciada/separada/casada,fiador,4,"carro ou outro, não em conta poupança/títulos",37,nenhum,alugada,1,funcionário/funcionário qualificado,1,Nenhum,Sim,Ruim
sem conta corrente,18,atraso no pagamento no passado,rádio/televisão,2320,... <  100 Marco Alemão,desempregado,2,Homem: casado/viúvo,nenhum,3,imobiliária,34,nenhum,própria,2,funcionário/funcionário qualificado,1,Nenhum,Sim,Bom
sem conta corrente,7,atraso no pagamento no passado,rádio/televisão,846,desconhecido/sem conta poupança, ... >= 7 anos,3,Homem: solteiro,nenhum,4,desconhecido/sem propriedade,36,nenhum,de graça,1,funcionário/funcionário qualificado,1,Nenhum,Sim,Bom
0 <= ... < 200 Marco Alemão,36,créditos existentes pagos devidamente até agora,carro (novo),14318,... <  100 Marco Alemão, ... >= 7 anos,4,Homem: solteiro,nenhum,2,desconhecido/sem propriedade,57,nenhum,de graça,1,gestão / autônomo / funcionário / diretor altamente qualificado,1,"Sim, registrado em nome do cliente",Sim,Ruim
sem conta corrente,6,conta crítica/outros créditos existentes (não neste banco),carro (novo),362,100 <= ... <  500 Marco Alemão,1  <= ... < 4 anos,4,Mulher: divorciada/separada/casada,nenhum,4,"carro ou outro, não em conta poupança/títulos",52,nenhum,própria,2,não qualificado - residente,1,Nenhum,Sim,Bom
 ... <  0 Marco Alemão,20,créditos existentes pagos devidamente até agora,móveis/equipamentos,2212,desconhecido/sem conta poupança,4  <= ... < 7 anos,4,Homem: solteiro,nenhum,4,"carro ou outro, não em conta poupança/títulos",39,nenhum,própria,1,funcionário/funcionário qualificado,1,"Sim, registrado em nome do cliente",Sim,Bom
0 <= ... < 200 Marco Alemão,18,créditos existentes pagos devidamente até agora,carro (usado),12976,... <  100 Marco Alemão,desempregado,3,Mulher: divorciada/separada/casada,nenhum,4,desconhecido/sem propriedade,38,nenhum,de graça,1,gestão / autônomo / funcionário / diretor altamente qualificado,1,"Sim, registrado em nome do cliente",Sim,Ruim
sem conta corrente,22,créditos existentes pagos devidamente até agora,carro (novo),1283,desconhecido/sem conta poupança,4  <= ... < 7 anos,4,Mulher: divorciada/separada/casada,nenhum,4,contrato de poupança/seguro de vida da sociedade civil,25,nenhum,alugada,1,funcionário/funcionário qualificado,1,Nenhum,Sim,Bom
... >= 200 Marco Alemão/ atribuições salariais por pelo menos 1 ano,12,créditos existentes pagos devidamente até agora,carro (novo),1330,... <  100 Marco Alemão,... < 1 ano,4,Homem: solteiro,nenhum,1,imobiliária,26,nenhum,própria,1,funcionário/funcionário qualificado,1,Nenhum,Sim,Bom
sem conta corrente,30,atraso no pagamento no passado,negócios,4272,100 <= ... <  500 Marco Alemão,1  <= ... < 4 anos,2,Homem: solteiro,nenhum,2,contrato de poupança/seguro de vida da sociedade civil,26,nenhum,própria,2,não qualificado - residente,1,Nenhum,Sim,Bom
sem conta corrente,18,conta crítica/outros créditos existentes (não neste banco),rádio/televisão,2238,... <  100 Marco Alemão,1  <= ... < 4 anos,2,Mulher: divorciada/separada/casada,nenhum,1,"carro ou outro, não em conta poupança/títulos",25,nenhum,própria,2,funcionário/funcionário qualificado,1,Nenhum,Sim,Bom
sem conta corrente,18,créditos existentes pagos devidamente até agora,rádio/televisão,1126,desconhecido/sem conta poupança,... < 1 ano,4,Mulher: divorciada/separada/casada,nenhum,2,imobiliária,21,nenhum,alugada,1,funcionário/funcionário qualificado,1,"Sim, registrado em nome do cliente",Sim,Bom
0 <= ... < 200 Marco Alemão,18,conta crítica/outros créditos existentes (não neste banco),móveis/equipamentos,7374,... <  100 Marco Alemão,desempregado,4,Homem: solteiro,nenhum,4,contrato de poupança/seguro de vida da sociedade civil,40,lojas,própria,2,gestão / autônomo / funcionário / diretor altamente qualificado,1,"Sim, registrado em nome do cliente",Sim,Bom
0 <= ... < 200 Marco Alemão,15,conta crítica/outros créditos existentes (não neste banco),negócios,2326,500 <= ... < 1000 Marco Alemão,1  <= ... < 4 anos,2,Homem: solteiro,nenhum,4,"carro ou outro, não em conta poupança/títulos",27,banco,própria,1,funcionário/funcionário qualificado,1,Nenhum,Sim,Bom
sem conta corrente,9,créditos existentes pagos devidamente até agora,negócios,1449,... <  100 Marco Alemão,4  <= ... < 7 anos,3,Mulher: divorciada/separada/casada,nenhum,2,"carro ou outro, não em conta poupança/títulos",27,nenhum,própria,2,funcionário/funcionário qualificado,1,Nenhum,Sim,Bom
sem conta corrente,18,créditos existentes pagos devidamente até agora,carro (novo),1820,... <  100 Marco Alemão,1  <= ... < 4 anos,2,Homem: casado/viúvo,nenhum,2,contrato de poupança/seguro de vida da sociedade civil,30,nenhum,própria,1,gestão / autônomo / funcionário / diretor altamente qualificado,1,"Sim, registrado em nome do cliente",Sim,Bom
0 <= ... < 200 Marco Alemão,12,créditos existentes pagos devidamente até agora,móveis/equipamentos,983, ... >= 1000 Marco Alemão,... < 1 ano,1,Mulher: divorciada/separada/casada,nenhum,4,imobiliária,19,nenhum,alugada,1,não qualificado - residente,1,Nenhum,Sim,Bom
 ... <  0 Marco Alemão,36,créditos existentes pagos devidamente até agora,carro (novo),3249,... <  100 Marco Alemão,4  <= ... < 7 anos,2,Homem: solteiro,nenhum,4,desconhecido/sem propriedade,39,banco,de graça,1,gestão / autônomo / funcionário / diretor altamente qualificado,2,"Sim, registrado em nome do cliente",Sim,Bom
 ... <  0 Marco Alemão,6,conta crítica/outros créditos existentes (não neste banco),rádio/televisão,1957,... <  100 Marco Alemão,4  <= ... < 7 anos,1,Mulher: divorciada/separada/casada,nenhum,4,"carro ou outro, não em conta poupança/títulos",31,nenhum,própria,1,funcionário/funcionário qualificado,1,Nenhum,Sim,Bom
sem conta corrente,9,conta crítica/outros créditos existentes (não neste banco),móveis/equipamentos,2406,... <  100 Marco Alemão,desempregado,2,Homem: solteiro,nenhum,3,"carro ou outro, não em conta poupança/títulos",31,nenhum,própria,1,gestão / autônomo / funcionário / diretor altamente qualificado,1,Nenhum,Sim,Bom
0 <= ... < 200 Marco Alemão,39,atraso no pagamento no passado,educação,11760,100 <= ... <  500 Marco Alemão,4  <= ... < 7 anos,2,Homem: solteiro,nenhum,3,desconhecido/sem propriedade,32,nenhum,alugada,1,funcionário/funcionário qualificado,1,"Sim, registrado em nome do cliente",Sim,Bom
 ... <  0 Marco Alemão,12,créditos existentes pagos devidamente até agora,móveis/equipamentos,2578,... <  100 Marco Alemão,desempregado,3,Mulher: divorciada/separada/casada,nenhum,4,desconhecido/sem propriedade,55,nenhum,de graça,1,gestão / autônomo / funcionário / diretor altamente qualificado,1,Nenhum,Sim,Bom
 ... <  0 Marco Alemão,36,conta crítica/outros créditos existentes (não neste banco),móveis/equipamentos,2348,... <  100 Marco Alemão,1  <= ... < 4 anos,3,Homem: casado/viúvo,nenhum,2,contrato de poupança/seguro de vida da sociedade civil,46,nenhum,própria,2,funcionário/funcionário qualificado,1,"Sim, registrado em nome do cliente",Sim,Bom
0 <= ... < 200 Marco Alemão,12,créditos existentes pagos devidamente até agora,carro (novo),1223,... <  100 Marco Alemão, ... >= 7 anos,1,Homem: divorciado/separado,nenhum,1,imobiliária,46,nenhum,alugada,2,funcionário/funcionário qualificado,1,Nenhum,Sim,Ruim
sem conta corrente,24,conta crítica/outros créditos existentes (não neste banco),rádio/televisão,1516, ... >= 1000 Marco Alemão,1  <= ... < 4 anos,4,Mulher: divorciada/separada/casada,nenhum,1,imobiliária,43,nenhum,própria,2,não qualificado - residente,1,Nenhum,Sim,Bom
sem conta corrente,18,créditos existentes pagos devidamente até agora,rádio/televisão,1473,... <  100 Marco Alemão,... < 1 ano,3,Homem: casado/viúvo,nenhum,4,imobiliária,39,nenhum,própria,1,funcionário/funcionário qualificado,1,"Sim, registrado em nome do cliente",Sim,Bom
0 <= ... < 200 Marco Alemão,18,conta crítica/outros créditos existentes (não neste banco),negócios,1887,desconhecido/sem conta poupança,1  <= ... < 4 anos,4,Homem: casado/viúvo,nenhum,4,imobiliária,28,banco,própria,2,funcionário/funcionário qualificado,1,Nenhum,Sim,Bom
sem conta corrente,24,atraso no pagamento no passado,negócios,8648,... <  100 Marco Alemão,... < 1 ano,2,Homem: solteiro,nenhum,2,"carro ou outro, não em conta poupança/títulos",27,banco,própria,2,funcionário/funcionário qualificado,1,"Sim, registrado em nome do cliente",Sim,Ruim
sem conta corrente,14,atraso no pagamento no passado,carro (novo),802,... <  100 Marco Alemão,1  <= ... < 4 anos,4,Homem: solteiro,nenhum,2,"carro ou outro, não em conta poupança/títulos",27,nenhum,própria,2,não qualificado - residente,1,Nenhum,Sim,Bom
0 <= ... < 200 Marco Alemão,18,atraso no pagamento no passado,carro (novo),2899,desconhecido/sem conta poupança, ... >= 7 anos,4,Homem: solteiro,nenhum,4,"carro ou outro, não em conta poupança/títulos",43,nenhum,própria,1,funcionário/funcionário qualificado,2,Nenhum,Sim,Bom
0 <= ... < 200 Marco Alemão,24,créditos existentes pagos devidamente até agora,rádio/televisão,2039,... <  100 Marco Alemão,... < 1 ano,1,Homem: casado/viúvo,nenhum,1,contrato de poupança/seguro de vida da sociedade civil,22,nenhum,própria,1,funcionário/funcionário qualificado,1,"Sim, registrado em nome do cliente",Sim,Ruim
sem conta corrente,24,conta crítica/outros créditos existentes (não neste banco),carro (usado),2197,desconhecido/sem conta poupança,4  <= ... < 7 anos,4,Homem: solteiro,nenhum,4,"carro ou outro, não em conta poupança/títulos",43,nenhum,própria,2,funcionário/funcionário qualificado,2,"Sim, registrado em nome do cliente",Sim,Bom
 ... <  0 Marco Alemão,15,créditos existentes pagos devidamente até agora,rádio/televisão,1053,... <  100 Marco Alemão,... < 1 ano,4,Homem: casado/viúvo,nenhum,2,imobiliária,27,nenhum,própria,1,funcionário/funcionário qualificado,1,Nenhum,Não,Bom
sem conta corrente,24,créditos existentes pagos devidamente até agora,rádio/televisão,3235,500 <= ... < 1000 Marco Alemão, ... >= 7 anos,3,Homem: divorciado/separado,nenhum,2,"carro ou outro, não em conta poupança/títulos",26,nenhum,própria,1,gestão / autônomo / funcionário / diretor altamente qualificado,1,"Sim, registrado em nome do cliente",Sim,Bom
... >= 200 Marco Alemão/ atribuições salariais por pelo menos 1 ano,12,conta crítica/outros créditos existentes (não neste banco),carro (novo),939,500 <= ... < 1000 Marco Alemão,4  <= ... < 7 anos,4,Homem: casado/viúvo,nenhum,2,imobiliária,28,nenhum,própria,3,funcionário/funcionário qualificado,1,"Sim, registrado em nome do cliente",Sim,Ruim
0 <= ... < 200 Marco Alemão,24,créditos existentes pagos devidamente até agora,rádio/televisão,1967,... <  100 Marco Alemão, ... >= 7 anos,4,Mulher: divorciada/separada/casada,nenhum,4,"carro ou outro, não em conta poupança/títulos",20,nenhum,própria,1,funcionário/funcionário qualificado,1,"Sim, registrado em nome do cliente",Sim,Bom
sem conta corrente,33,conta crítica/outros créditos existentes (não neste banco),carro (usado),7253,... <  100 Marco Alemão,4  <= ... < 7 anos,3,Homem: solteiro,nenhum,2,"carro ou outro, não em conta poupança/títulos",35,nenhum,própria,2,gestão / autônomo / funcionário / diretor altamente qualificado,1,"Sim, registrado em nome do cliente",Sim,Bom
sem conta corrente,12,conta crítica/outros créditos existentes (não neste banco),negócios,2292,... <  100 Marco Alemão,desempregado,4,Homem: solteiro,nenhum,2,"carro ou outro, não em conta poupança/títulos",42,lojas,própria,2,gestão / autônomo / funcionário / diretor altamente qualificado,1,"Sim, registrado em nome do cliente",Sim,Ruim
sem conta corrente,10,créditos existentes pagos devidamente até agora,carro (novo),1597,500 <= ... < 1000 Marco Alemão,1  <= ... < 4 anos,3,Homem: solteiro,nenhum,2,desconhecido/sem propriedade,40,nenhum,alugada,1,não qualificado - residente,2,Nenhum,Não,Bom
 ... <  0 Marco Alemão,24,créditos existentes pagos devidamente até agora,carro (novo),1381,desconhecido/sem conta poupança,1  <= ... < 4 anos,4,Mulher: divorciada/separada/casada,nenhum,2,contrato de poupança/seguro de vida da sociedade civil,35,nenhum,própria,1,funcionário/funcionário qualificado,1,Nenhum,Sim,Ruim
sem conta corrente,36,conta crítica/outros créditos existentes (não neste banco),carro (usado),5842,... <  100 Marco Alemão, ... >= 7 anos,2,Homem: solteiro,nenhum,2,contrato de poupança/seguro de vida da sociedade civil,35,nenhum,própria,2,funcionário/funcionário qualificado,2,"Sim, registrado em nome do cliente",Sim,Bom
 ... <  0 Marco Alemão,12,créditos existentes pagos devidamente até agora,carro (novo),2579,... <  100 Marco Alemão,... < 1 ano,4,Homem: solteiro,nenhum,1,imobiliária,33,nenhum,própria,1,não qualificado - residente,2,Nenhum,Sim,Ruim
 ... <  0 Marco Alemão,18,atraso no pagamento no passado,educação,8471,desconhecido/sem conta poupança,1  <= ... < 4 anos,1,Mulher: divorciada/separada/casada,nenhum,2,"carro ou outro, não em conta poupança/títulos",23,nenhum,alugada,2,funcionário/funcionário qualificado,1,"Sim, registrado em nome do cliente",Sim,Bom
sem conta corrente,21,créditos existentes pagos devidamente até agora,carro (novo),2782,500 <= ... < 1000 Marco Alemão,4  <= ... < 7 anos,1,Mulher: divorciada/separada/casada,nenhum,2,"carro ou outro, não em conta poupança/títulos",31,banco,própria,1,gestão / autônomo / funcionário / diretor altamente qualificado,1,Nenhum,Sim,Bom
0 <= ... < 200 Marco Alemão,18,créditos existentes pagos devidamente até agora,carro (novo),1042,desconhecido/sem conta poupança,1  <= ... < 4 anos,4,Mulher: divorciada/separada/casada,nenhum,2,contrato de poupança/seguro de vida da sociedade civil,33,nenhum,própria,1,funcionário/funcionário qualificado,1,Nenhum,Sim,Ruim
sem conta corrente,15,créditos existentes pagos devidamente até agora,carro (novo),3186, ... >= 1000 Marco Alemão,4  <= ... < 7 anos,2,Mulher: divorciada/separada/casada,nenhum,3,"carro ou outro, não em conta poupança/títulos",20,nenhum,alugada,1,funcionário/funcionário qualificado,1,Nenhum,Sim,Bom
0 <= ... < 200 Marco Alemão,12,créditos existentes pagos devidamente até agora,carro (usado),2028,desconhecido/sem conta poupança,1  <= ... < 4 anos,4,Homem: solteiro,nenhum,2,"carro ou outro, não em conta poupança/títulos",30,nenhum,própria,1,funcionário/funcionário qualificado,1,Nenhum,Sim,Bom
0 <= ... < 200 Marco Alemão,12,conta crítica/outros créditos existentes (não neste banco),carro (novo),958,... <  100 Marco Alemão,4  <= ... < 7 anos,2,Homem: solteiro,nenhum,3,imobiliária,47,nenhum,própria,2,não qualificado - residente,2,Nenhum,Sim,Bom
sem conta corrente,21,atraso no pagamento no passado,móveis/equipamentos,1591,100 <= ... <  500 Marco Alemão,4  <= ... < 7 anos,4,Homem: solteiro,nenhum,3,imobiliária,34,nenhum,própria,2,gestão / autônomo / funcionário / diretor altamente qualificado,1,Nenhum,Sim,Bom
0 <= ... < 200 Marco Alemão,12,créditos existentes pagos devidamente até agora,móveis/equipamentos,2762,desconhecido/sem conta poupança, ... >= 7 anos,1,Mulher: divorciada/separada/casada,nenhum,2,contrato de poupança/seguro de vida da sociedade civil,25,banco,própria,1,funcionário/funcionário qualificado,1,"Sim, registrado em nome do cliente",Sim,Ruim
0 <= ... < 200 Marco Alemão,18,créditos existentes pagos devidamente até agora,carro (usado),2779,... <  100 Marco Alemão,1  <= ... < 4 anos,1,Homem: casado/viúvo,nenhum,3,"carro ou outro, não em conta poupança/títulos",21,nenhum,alugada,1,funcionário/funcionário qualificado,1,"Sim, registrado em nome do cliente",Sim,Bom
sem conta corrente,28,conta crítica/outros créditos existentes (não neste banco),rádio/televisão,2743,... <  100 Marco Alemão, ... >= 7 anos,4,Homem: solteiro,nenhum,2,"carro ou outro, não em conta poupança/títulos",29,nenhum,própria,2,funcionário/funcionário qualificado,1,Nenhum,Sim,Bom
sem conta corrente,18,conta crítica/outros créditos existentes (não neste banco),rádio/televisão,1149, ... >= 1000 Marco Alemão,1  <= ... < 4 anos,4,Homem: solteiro,nenhum,3,imobiliária,46,nenhum,própria,2,funcionário/funcionário qualificado,1,Nenhum,Sim,Bom
sem conta corrente,9,créditos existentes pagos devidamente até agora,móveis/equipamentos,1313,... <  100 Marco Alemão, ... >= 7 anos,1,Homem: solteiro,nenhum,4,"carro ou outro, não em conta poupança/títulos",20,nenhum,própria,1,funcionário/funcionário qualificado,1,Nenhum,Sim,Bom
 ... <  0 Marco Alemão,18,conta crítica/outros créditos existentes (não neste banco),reparos,1190,... <  100 Marco Alemão,desempregado,2,Mulher: divorciada/separada/casada,nenhum,4,desconhecido/sem propriedade,55,nenhum,de graça,3,desempregado/não qualificado - não residente,2,Nenhum,Sim,Ruim
sem conta corrente,5,créditos existentes pagos devidamente até agora,negócios,3448,... <  100 Marco Alemão,4  <= ... < 7 anos,1,Homem: solteiro,nenhum,4,imobiliária,74,nenhum,própria,1,não qualificado - residente,1,Nenhum,Sim,Bom
0 <= ... < 200 Marco Alemão,24,créditos existentes pagos devidamente até agora,carro (usado)0,11328,... <  100 Marco Alemão,1  <= ... < 4 anos,2,Homem: solteiro,co-requerente,3,"carro ou outro, não em conta poupança/títulos",29,banco,própria,2,gestão / autônomo / funcionário / diretor altamente qualificado,1,"Sim, registrado em nome do cliente",Sim,Ruim
 ... <  0 Marco Alemão,6,conta crítica/outros créditos existentes (não neste banco),móveis/equipamentos,1872,... <  100 Marco Alemão,desempregado,4,Homem: solteiro,nenhum,4,desconhecido/sem propriedade,36,nenhum,de graça,3,gestão / autônomo / funcionário / diretor altamente qualificado,1,"Sim, registrado em nome do cliente",Sim,Bom
sem conta corrente,24,conta crítica/outros créditos existentes (não neste banco),reparos,2058,... <  100 Marco Alemão,1  <= ... < 4 anos,4,Homem: divorciado/separado,nenhum,2,imobiliária,33,nenhum,própria,2,funcionário/funcionário qualificado,1,"Sim, registrado em nome do cliente",Sim,Bom
 ... <  0 Marco Alemão,9,créditos existentes pagos devidamente até agora,móveis/equipamentos,2136,... <  100 Marco Alemão,1  <= ... < 4 anos,3,Homem: solteiro,nenhum,2,imobiliária,25,nenhum,própria,1,funcionário/funcionário qualificado,1,Nenhum,Sim,Bom
0 <= ... < 200 Marco Alemão,12,créditos existentes pagos devidamente até agora,rádio/televisão,1484,desconhecido/sem conta poupança,1  <= ... < 4 anos,2,Homem: casado/viúvo,nenhum,1,imobiliária,25,nenhum,própria,1,funcionário/funcionário qualificado,1,"Sim, registrado em nome do cliente",Sim,Ruim
sem conta corrente,6,créditos existentes pagos devidamente até agora,reparos,660,500 <= ... < 1000 Marco Alemão,4  <= ... < 7 anos,2,Homem: casado/viúvo,nenhum,4,imobiliária,23,nenhum,alugada,1,não qualificado - residente,1,Nenhum,Sim,Bom
sem conta corrente,24,conta crítica/outros créditos existentes (não neste banco),carro (novo),1287, ... >= 1000 Marco Alemão, ... >= 7 anos,4,Mulher: divorciada/separada/casada,nenhum,4,imobiliária,37,nenhum,própria,2,funcionário/funcionário qualificado,1,"Sim, registrado em nome do cliente",Sim,Bom
 ... <  0 Marco Alemão,42,conta crítica/outros créditos existentes (não neste banco),reparos,3394,... <  100 Marco Alemão,desempregado,4,Homem: solteiro,co-requerente,4,"carro ou outro, não em conta poupança/títulos",65,nenhum,própria,2,desempregado/não qualificado - não residente,1,Nenhum,Sim,Bom
... >= 200 Marco Alemão/ atribuições salariais por pelo menos 1 ano,12,todos os créditos deste banco foram devidamente pagos,negócios,609,... <  100 Marco Alemão,... < 1 ano,4,Mulher: divorciada/separada/casada,nenhum,1,imobiliária,26,nenhum,própria,1,desempregado/não qualificado - não residente,1,Nenhum,Sim,Ruim
sem conta corrente,12,créditos existentes pagos devidamente até agora,carro (novo),1884,... <  100 Marco Alemão, ... >= 7 anos,4,Homem: solteiro,nenhum,4,"carro ou outro, não em conta poupança/títulos",39,nenhum,própria,1,gestão / autônomo / funcionário / diretor altamente qualificado,1,"Sim, registrado em nome do cliente",Sim,Bom
 ... <  0 Marco Alemão,12,créditos existentes pagos devidamente até agora,móveis/equipamentos,1620,... <  100 Marco Alemão,1  <= ... < 4 anos,2,Mulher: divorciada/separada/casada,co-requerente,3,contrato de poupança/seguro de vida da sociedade civil,30,nenhum,própria,1,funcionário/funcionário qualificado,1,Nenhum,Sim,Bom
0 <= ... < 200 Marco Alemão,20,atraso no pagamento no passado,carro (usado)0,2629,... <  100 Marco Alemão,1  <= ... < 4 anos,2,Homem: solteiro,nenhum,3,"carro ou outro, não em conta poupança/títulos",29,banco,própria,2,funcionário/funcionário qualificado,1,"Sim, registrado em nome do cliente",Sim,Bom
sem conta corrente,12,créditos existentes pagos devidamente até agora,educação,719,... <  100 Marco Alemão, ... >= 7 anos,4,Homem: solteiro,nenhum,4,"carro ou outro, não em conta poupança/títulos",41,banco,própria,1,não qualificado - residente,2,Nenhum,Sim,Ruim
0 <= ... < 200 Marco Alemão,48,conta crítica/outros créditos existentes (não neste banco),móveis/equipamentos,5096,... <  100 Marco Alemão,1  <= ... < 4 anos,2,Mulher: divorciada/separada/casada,nenhum,3,"carro ou outro, não em conta poupança/títulos",30,nenhum,própria,1,gestão / autônomo / funcionário / diretor altamente qualificado,1,"Sim, registrado em nome do cliente",Sim,Ruim
sem conta corrente,9,conta crítica/outros créditos existentes (não neste banco),educação,1244,desconhecido/sem conta poupança, ... >= 7 anos,4,Mulher: divorciada/separada/casada,nenhum,4,contrato de poupança/seguro de vida da sociedade civil,41,nenhum,alugada,2,não qualificado - residente,1,Nenhum,Sim,Bom
 ... <  0 Marco Alemão,36,créditos existentes pagos devidamente até agora,carro (novo),1842,... <  100 Marco Alemão,... < 1 ano,4,Mulher: divorciada/separada/casada,nenhum,4,"carro ou outro, não em conta poupança/títulos",34,nenhum,própria,1,funcionário/funcionário qualificado,1,"Sim, registrado em nome do cliente",Sim,Ruim
0 <= ... < 200 Marco Alemão,7,créditos existentes pagos devidamente até agora,rádio/televisão,2576,... <  100 Marco Alemão,1  <= ... < 4 anos,2,Homem: solteiro,fiador,2,imobiliária,35,nenhum,própria,1,funcionário/funcionário qualificado,1,Nenhum,Sim,Bom
... >= 200 Marco Alemão/ atribuições salariais por pelo menos 1 ano,12,créditos existentes pagos devidamente até agora,móveis/equipamentos,1424,desconhecido/sem conta poupança, ... >= 7 anos,3,Mulher: divorciada/separada/casada,nenhum,4,imobiliária,55,nenhum,própria,1,gestão / autônomo / funcionário / diretor altamente qualificado,1,"Sim, registrado em nome do cliente",Sim,Bom
0 <= ... < 200 Marco Alemão,15,atraso no pagamento no passado,reparos,1512, ... >= 1000 Marco Alemão,1  <= ... < 4 anos,3,Homem: casado/viúvo,nenhum,3,contrato de poupança/seguro de vida da sociedade civil,61,lojas,própria,2,funcionário/funcionário qualificado,1,Nenhum,Sim,Ruim
sem conta corrente,36,conta crítica/outros créditos existentes (não neste banco),carro (usado),11054,desconhecido/sem conta poupança,1  <= ... < 4 anos,4,Homem: solteiro,nenhum,2,"carro ou outro, não em conta poupança/títulos",30,nenhum,própria,1,gestão / autônomo / funcionário / diretor altamente qualificado,1,"Sim, registrado em nome do cliente",Sim,Bom
sem conta corrente,6,créditos existentes pagos devidamente até agora,rádio/televisão,518,... <  100 Marco Alemão,1  <= ... < 4 anos,3,Mulher: divorciada/separada/casada,nenhum,1,imobiliária,29,nenhum,própria,1,funcionário/funcionário qualificado,1,Nenhum,Sim,Bom
sem conta corrente,12,nenhum crédito obtido/todos os créditos pagos devidamente,móveis/equipamentos,2759,... <  100 Marco Alemão, ... >= 7 anos,2,Homem: solteiro,nenhum,4,contrato de poupança/seguro de vida da sociedade civil,34,nenhum,própria,2,funcionário/funcionário qualificado,1,Nenhum,Sim,Bom
sem conta corrente,24,créditos existentes pagos devidamente até agora,carro (usado),2670,... <  100 Marco Alemão, ... >= 7 anos,4,Homem: solteiro,nenhum,4,"carro ou outro, não em conta poupança/títulos",35,nenhum,própria,1,gestão / autônomo / funcionário / diretor altamente qualificado,1,"Sim, registrado em nome do cliente",Sim,Bom
 ... <  0 Marco Alemão,24,créditos existentes pagos devidamente até agora,carro (novo),4817,... <  100 Marco Alemão,4  <= ... < 7 anos,2,Homem: solteiro,co-requerente,3,contrato de poupança/seguro de vida da sociedade civil,31,nenhum,própria,1,funcionário/funcionário qualificado,1,"Sim, registrado em nome do cliente",Sim,Ruim
sem conta corrente,24,créditos existentes pagos devidamente até agora,carro (usado),2679,... <  100 Marco Alemão,... < 1 ano,4,Mulher: divorciada/separada/casada,nenhum,1,desconhecido/sem propriedade,29,nenhum,própria,1,gestão / autônomo / funcionário / diretor altamente qualificado,1,"Sim, registrado em nome do cliente",Sim,Bom
 ... <  0 Marco Alemão,11,conta crítica/outros créditos existentes (não neste banco),carro (novo),3905,... <  100 Marco Alemão,1  <= ... < 4 anos,2,Homem: solteiro,nenhum,2,imobiliária,36,nenhum,alugada,2,funcionário/funcionário qualificado,2,Nenhum,Sim,Bom
 ... <  0 Marco Alemão,12,créditos existentes pagos devidamente até agora,carro (usado),3386,... <  100 Marco Alemão, ... >= 7 anos,3,Homem: solteiro,nenhum,4,desconhecido/sem propriedade,35,nenhum,de graça,1,funcionário/funcionário qualificado,1,"Sim, registrado em nome do cliente",Sim,Ruim
 ... <  0 Marco Alemão,6,créditos existentes pagos devidamente até agora,eletrodomésticos,343,... <  100 Marco Alemão,... < 1 ano,4,Mulher: divorciada/separada/casada,nenhum,1,imobiliária,27,nenhum,própria,1,funcionário/funcionário qualificado,1,Nenhum,Sim,Bom
sem conta corrente,18,créditos existentes pagos devidamente até agora,rádio/televisão,4594,... <  100 Marco Alemão,... < 1 ano,3,Homem: solteiro,nenhum,2,"carro ou outro, não em conta poupança/títulos",32,nenhum,própria,1,funcionário/funcionário qualificado,1,"Sim, registrado em nome do cliente",Sim,Bom
 ... <  0 Marco Alemão,36,créditos existentes pagos devidamente até agora,móveis/equipamentos,3620,... <  100 Marco Alemão,1  <= ... < 4 anos,1,Homem: solteiro,fiador,2,contrato de poupança/seguro de vida da sociedade civil,37,nenhum,própria,1,funcionário/funcionário qualificado,2,Nenhum,Sim,Bom
 ... <  0 Marco Alemão,15,créditos existentes pagos devidamente até agora,carro (novo),1721,... <  100 Marco Alemão,... < 1 ano,2,Homem: solteiro,nenhum,3,imobiliária,36,nenhum,própria,1,funcionário/funcionário qualificado,1,Nenhum,Sim,Bom
0 <= ... < 200 Marco Alemão,12,créditos existentes pagos devidamente até agora,móveis/equipamentos,3017,... <  100 Marco Alemão,... < 1 ano,3,Mulher: divorciada/separada/casada,nenhum,1,imobiliária,34,nenhum,alugada,1,gestão / autônomo / funcionário / diretor altamente qualificado,1,Nenhum,Sim,Bom
0 <= ... < 200 Marco Alemão,12,créditos existentes pagos devidamente até agora,reciclagem,754,desconhecido/sem conta poupança, ... >= 7 anos,4,Homem: solteiro,nenhum,4,contrato de poupança/seguro de vida da sociedade civil,38,nenhum,própria,2,funcionário/funcionário qualificado,1,Nenhum,Sim,Bom
sem conta corrente,18,créditos existentes pagos devidamente até agora,negócios,1950,... <  100 Marco Alemão,4  <= ... < 7 anos,4,Homem: solteiro,nenhum,1,"carro ou outro, não em conta poupança/títulos",34,lojas,própria,2,funcionário/funcionário qualificado,1,"Sim, registrado em nome do cliente",Sim,Bom
 ... <  0 Marco Alemão,24,créditos existentes pagos devidamente até agora,carro (usado),2924,... <  100 Marco Alemão,1  <= ... < 4 anos,3,Homem: solteiro,fiador,4,desconhecido/sem propriedade,63,banco,própria,1,funcionário/funcionário qualificado,2,"Sim, registrado em nome do cliente",Sim,Bom
 ... <  0 Marco Alemão,24,atraso no pagamento no passado,rádio/televisão,1659,... <  100 Marco Alemão,... < 1 ano,4,Mulher: divorciada/separada/casada,nenhum,2,"carro ou outro, não em conta poupança/títulos",29,nenhum,alugada,1,não qualificado - residente,1,"Sim, registrado em nome do cliente",Sim,Ruim
sem conta corrente,48,atraso no pagamento no passado,rádio/televisão,7238,desconhecido/sem conta poupança, ... >= 7 anos,3,Homem: solteiro,nenhum,3,"carro ou outro, não em conta poupança/títulos",32,banco,própria,2,funcionário/funcionário qualificado,2,Nenhum,Sim,Bom
sem conta corrente,33,atraso no pagamento no passado,negócios,2764,... <  100 Marco Alemão,1  <= ... < 4 anos,2,Mulher: divorciada/separada/casada,nenhum,2,"carro ou outro, não em conta poupança/títulos",26,nenhum,própria,2,funcionário/funcionário qualificado,1,"Sim, registrado em nome do cliente",Sim,Bom
sem conta corrente,24,atraso no pagamento no passado,carro (usado),4679,... <  100 Marco Alemão,4  <= ... < 7 anos,3,Homem: solteiro,nenhum,3,"carro ou outro, não em conta poupança/títulos",35,nenhum,própria,2,não qualificado - residente,1,"Sim, registrado em nome do cliente",Sim,Bom
0 <= ... < 200 Marco Alemão,24,créditos existentes pagos devidamente até agora,rádio/televisão,3092,100 <= ... <  500 Marco Alemão,... < 1 ano,3,Homem: casado/viúvo,nenhum,2,"carro ou outro, não em conta poupança/títulos",22,nenhum,alugada,1,funcionário/funcionário qualificado,1,"Sim, registrado em nome do cliente",Sim,Ruim
 ... <  0 Marco Alemão,6,créditos existentes pagos devidamente até agora,educação,448,... <  100 Marco Alemão,... < 1 ano,4,Mulher: divorciada/separada/casada,nenhum,4,contrato de poupança/seguro de vida da sociedade civil,23,nenhum,própria,1,funcionário/funcionário qualificado,1,Nenhum,Sim,Ruim
 ... <  0 Marco Alemão,9,créditos existentes pagos devidamente até agora,carro (novo),654,... <  100 Marco Alemão,1  <= ... < 4 anos,4,Homem: solteiro,nenhum,3,"carro ou outro, não em conta poupança/títulos",28,nenhum,própria,1,não qualificado - residente,1,Nenhum,Sim,Ruim
sem conta corrente,6,créditos existentes pagos devidamente até agora,reciclagem,1238,desconhecido/sem conta poupança,desempregado,4,Homem: solteiro,nenhum,4,contrato de poupança/seguro de vida da sociedade civil,36,nenhum,própria,1,gestão / autônomo / funcionário / diretor altamente qualificado,2,"Sim, registrado em nome do cliente",Sim,Bom
0 <= ... < 200 Marco Alemão,18,conta crítica/outros créditos existentes (não neste banco),rádio/televisão,1245,... <  100 Marco Alemão,1  <= ... < 4 anos,4,Homem: casado/viúvo,nenhum,2,"carro ou outro, não em conta poupança/títulos",33,nenhum,própria,1,funcionário/funcionário qualificado,1,Nenhum,Sim,Ruim
 ... <  0 Marco Alemão,18,nenhum crédito obtido/todos os créditos pagos devidamente,móveis/equipamentos,3114,... <  100 Marco Alemão,... < 1 ano,1,Mulher: divorciada/separada/casada,nenhum,4,contrato de poupança/seguro de vida da sociedade civil,26,nenhum,alugada,1,funcionário/funcionário qualificado,1,Nenhum,Sim,Ruim
sem conta corrente,39,créditos existentes pagos devidamente até agora,carro (usado),2569,500 <= ... < 1000 Marco Alemão,1  <= ... < 4 anos,4,Homem: solteiro,nenhum,4,"carro ou outro, não em conta poupança/títulos",24,nenhum,própria,1,funcionário/funcionário qualificado,1,Nenhum,Sim,Bom
... >= 200 Marco Alemão/ atribuições salariais por pelo menos 1 ano,24,créditos existentes pagos devidamente até agora,rádio/televisão,5152,... <  100 Marco Alemão,4  <= ... < 7 anos,4,Homem: solteiro,nenhum,2,"carro ou outro, não em conta poupança/títulos",25,banco,própria,1,funcionário/funcionário qualificado,1,Nenhum,Sim,Bom
0 <= ... < 200 Marco Alemão,12,créditos existentes pagos devidamente até agora,negócios,1037,100 <= ... <  500 Marco Alemão,4  <= ... < 7 anos,3,Homem: solteiro,nenhum,4,imobiliária,39,nenhum,própria,1,não qualificado - residente,1,Nenhum,Sim,Bom
 ... <  0 Marco Alemão,15,conta crítica/outros créditos existentes (não neste banco),móveis/equipamentos,1478,... <  100 Marco Alemão, ... >= 7 anos,4,Homem: solteiro,nenhum,4,"carro ou outro, não em conta poupança/títulos",44,nenhum,própria,2,funcionário/funcionário qualificado,2,"Sim, registrado em nome do cliente",Sim,Bom
0 <= ... < 200 Marco Alemão,12,conta crítica/outros créditos existentes (não neste banco),rádio/televisão,3573,... <  100 Marco Alemão,1  <= ... < 4 anos,1,Mulher: divorciada/separada/casada,nenhum,1,imobiliária,23,nenhum,própria,1,não qualificado - residente,1,Nenhum,Sim,Bom
0 <= ... < 200 Marco Alemão,24,créditos existentes pagos devidamente até agora,carro (novo),1201,... <  100 Marco Alemão,... < 1 ano,4,Homem: solteiro,nenhum,1,contrato de poupança/seguro de vida da sociedade civil,26,nenhum,própria,1,funcionário/funcionário qualificado,1,Nenhum,Sim,Bom
 ... <  0 Marco Alemão,30,créditos existentes pagos devidamente até agora,móveis/equipamentos,3622, ... >= 1000 Marco Alemão, ... >= 7 anos,4,Mulher: divorciada/separada/casada,nenhum,4,contrato de poupança/seguro de vida da sociedade civil,57,nenhum,alugada,2,funcionário/funcionário qualificado,1,"Sim, registrado em nome do cliente",Sim,Bom
sem conta corrente,15,atraso no pagamento no passado,móveis/equipamentos,960, ... >= 1000 Marco Alemão,4  <= ... < 7 anos,3,Mulher: divorciada/separada/casada,nenhum,2,contrato de poupança/seguro de vida da sociedade civil,30,nenhum,própria,2,funcionário/funcionário qualificado,1,Nenhum,Sim,Bom
sem conta corrente,12,conta crítica/outros créditos existentes (não neste banco),carro (novo),1163,500 <= ... < 1000 Marco Alemão,1  <= ... < 4 anos,4,Homem: solteiro,nenhum,4,imobiliária,44,nenhum,própria,1,funcionário/funcionário qualificado,1,"Sim, registrado em nome do cliente",Sim,Bom
0 <= ... < 200 Marco Alemão,6,atraso no pagamento no passado,carro (novo),1209,... <  100 Marco Alemão,desempregado,4,Homem: solteiro,nenhum,4,contrato de poupança/seguro de vida da sociedade civil,47,nenhum,própria,1,gestão / autônomo / funcionário / diretor altamente qualificado,1,"Sim, registrado em nome do cliente",Sim,Ruim
sem conta corrente,12,créditos existentes pagos devidamente até agora,rádio/televisão,3077,... <  100 Marco Alemão,1  <= ... < 4 anos,2,Homem: solteiro,nenhum,4,"carro ou outro, não em conta poupança/títulos",52,nenhum,própria,1,funcionário/funcionário qualificado,1,"Sim, registrado em nome do cliente",Sim,Bom
sem conta corrente,24,créditos existentes pagos devidamente até agora,carro (novo),3757,... <  100 Marco Alemão, ... >= 7 anos,4,Mulher: divorciada/separada/casada,co-requerente,4,desconhecido/sem propriedade,62,nenhum,de graça,1,funcionário/funcionário qualificado,1,"Sim, registrado em nome do cliente",Sim,Bom
sem conta corrente,10,créditos existentes pagos devidamente até agora,carro (novo),1418,100 <= ... <  500 Marco Alemão,1  <= ... < 4 anos,3,Homem: solteiro,nenhum,2,imobiliária,35,nenhum,alugada,1,não qualificado - residente,1,Nenhum,Não,Bom
sem conta corrente,6,créditos existentes pagos devidamente até agora,carro (novo),3518,... <  100 Marco Alemão,1  <= ... < 4 anos,2,Homem: solteiro,fiador,3,contrato de poupança/seguro de vida da sociedade civil,26,nenhum,alugada,1,funcionário/funcionário qualificado,1,Nenhum,Sim,Bom
sem conta corrente,12,conta crítica/outros créditos existentes (não neste banco),rádio/televisão,1934,... <  100 Marco Alemão, ... >= 7 anos,2,Homem: solteiro,nenhum,2,desconhecido/sem propriedade,26,nenhum,própria,2,funcionário/funcionário qualificado,1,Nenhum,Sim,Bom
0 <= ... < 200 Marco Alemão,27,nenhum crédito obtido/todos os créditos pagos devidamente,negócios,8318,... <  100 Marco Alemão, ... >= 7 anos,2,Mulher: divorciada/separada/casada,nenhum,4,desconhecido/sem propriedade,42,nenhum,de graça,2,gestão / autônomo / funcionário / diretor altamente qualificado,1,"Sim, registrado em nome do cliente",Sim,Ruim
sem conta corrente,6,conta crítica/outros créditos existentes (não neste banco),rádio/televisão,1237,100 <= ... <  500 Marco Alemão,1  <= ... < 4 anos,1,Mulher: divorciada/separada/casada,nenhum,1,contrato de poupança/seguro de vida da sociedade civil,27,nenhum,própria,2,funcionário/funcionário qualificado,1,Nenhum,Sim,Bom
0 <= ... < 200 Marco Alemão,6,créditos existentes pagos devidamente até agora,rádio/televisão,368,desconhecido/sem conta poupança, ... >= 7 anos,4,Homem: solteiro,nenhum,4,contrato de poupança/seguro de vida da sociedade civil,38,nenhum,própria,1,funcionário/funcionário qualificado,1,Nenhum,Sim,Bom
 ... <  0 Marco Alemão,12,conta crítica/outros créditos existentes (não neste banco),carro (novo),2122,... <  100 Marco Alemão,1  <= ... < 4 anos,3,Homem: solteiro,nenhum,2,imobiliária,39,nenhum,alugada,2,não qualificado - residente,2,Nenhum,Não,Bom
 ... <  0 Marco Alemão,24,créditos existentes pagos devidamente até agora,móveis/equipamentos,2996,desconhecido/sem conta poupança,1  <= ... < 4 anos,2,Homem: casado/viúvo,nenhum,4,"carro ou outro, não em conta poupança/títulos",20,nenhum,própria,1,funcionário/funcionário qualificado,1,Nenhum,Sim,Ruim
0 <= ... < 200 Marco Alemão,36,créditos existentes pagos devidamente até agora,móveis/equipamentos,9034,100 <= ... <  500 Marco Alemão,... < 1 ano,4,Homem: solteiro,co-requerente,1,desconhecido/sem propriedade,29,nenhum,alugada,1,gestão / autônomo / funcionário / diretor altamente qualificado,1,"Sim, registrado em nome do cliente",Sim,Ruim
sem conta corrente,24,conta crítica/outros créditos existentes (não neste banco),móveis/equipamentos,1585,... <  100 Marco Alemão,4  <= ... < 7 anos,4,Homem: solteiro,nenhum,3,contrato de poupança/seguro de vida da sociedade civil,40,nenhum,própria,2,funcionário/funcionário qualificado,1,Nenhum,Sim,Bom
0 <= ... < 200 Marco Alemão,18,créditos existentes pagos devidamente até agora,rádio/televisão,1301,... <  100 Marco Alemão, ... >= 7 anos,4,Homem: casado/viúvo,fiador,2,imobiliária,32,nenhum,própria,1,não qualificado - residente,1,Nenhum,Sim,Bom
... >= 200 Marco Alemão/ atribuições salariais por pelo menos 1 ano,6,conta crítica/outros créditos existentes (não neste banco),carro (novo),1323,100 <= ... <  500 Marco Alemão, ... >= 7 anos,2,Homem: divorciado/separado,nenhum,4,"carro ou outro, não em conta poupança/títulos",28,nenhum,própria,2,funcionário/funcionário qualificado,2,"Sim, registrado em nome do cliente",Sim,Bom
 ... <  0 Marco Alemão,24,créditos existentes pagos devidamente até agora,carro (novo),3123,... <  100 Marco Alemão,... < 1 ano,4,Mulher: divorciada/separada/casada,nenhum,1,contrato de poupança/seguro de vida da sociedade civil,27,nenhum,própria,1,funcionário/funcionário qualificado,1,Nenhum,Sim,Ruim
 ... <  0 Marco Alemão,36,créditos existentes pagos devidamente até agora,carro (usado),5493,... <  100 Marco Alemão, ... >= 7 anos,2,Homem: solteiro,nenhum,4,desconhecido/sem propriedade,42,nenhum,de graça,1,funcionário/funcionário qualificado,2,Nenhum,Sim,Bom
... >= 200 Marco Alemão/ atribuições salariais por pelo menos 1 ano,9,créditos existentes pagos devidamente até agora,rádio/televisão,1126,100 <= ... <  500 Marco Alemão, ... >= 7 anos,2,Homem: divorciado/separado,nenhum,4,imobiliária,49,nenhum,própria,1,funcionário/funcionário qualificado,1,Nenhum,Sim,Bom
0 <= ... < 200 Marco Alemão,24,conta crítica/outros créditos existentes (não neste banco),rádio/televisão,1216,100 <= ... <  500 Marco Alemão,... < 1 ano,4,Homem: solteiro,nenhum,4,desconhecido/sem propriedade,38,banco,própria,2,funcionário/funcionário qualificado,2,Nenhum,Sim,Ruim
 ... <  0 Marco Alemão,24,créditos existentes pagos devidamente até agora,carro (novo),1207,... <  100 Marco Alemão,... < 1 ano,4,Mulher: divorciada/separada/casada,nenhum,4,contrato de poupança/seguro de vida da sociedade civil,24,nenhum,alugada,1,funcionário/funcionário qualificado,1,Nenhum,Sim,Ruim
sem conta corrente,10,créditos existentes pagos devidamente até agora,carro (novo),1309,desconhecido/sem conta poupança,1  <= ... < 4 anos,4,Homem: solteiro,fiador,4,contrato de poupança/seguro de vida da sociedade civil,27,nenhum,própria,1,não qualificado - residente,1,Nenhum,Sim,Ruim
... >= 200 Marco Alemão/ atribuições salariais por pelo menos 1 ano,15,conta crítica/outros créditos existentes (não neste banco),carro (usado),2360,500 <= ... < 1000 Marco Alemão,1  <= ... < 4 anos,2,Homem: solteiro,nenhum,2,"carro ou outro, não em conta poupança/títulos",36,nenhum,própria,1,funcionário/funcionário qualificado,1,"Sim, registrado em nome do cliente",Sim,Bom
0 <= ... < 200 Marco Alemão,15,todos os créditos deste banco foram devidamente pagos,carro (novo),6850,100 <= ... <  500 Marco Alemão,desempregado,1,Homem: solteiro,nenhum,2,contrato de poupança/seguro de vida da sociedade civil,34,nenhum,própria,1,gestão / autônomo / funcionário / diretor altamente qualificado,2,"Sim, registrado em nome do cliente",Sim,Ruim
sem conta corrente,24,créditos existentes pagos devidamente até agora,rádio/televisão,1413,... <  100 Marco Alemão,1  <= ... < 4 anos,4,Homem: casado/viúvo,nenhum,2,contrato de poupança/seguro de vida da sociedade civil,28,nenhum,própria,1,funcionário/funcionário qualificado,1,Nenhum,Sim,Bom
sem conta corrente,39,créditos existentes pagos devidamente até agora,carro (usado),8588,100 <= ... <  500 Marco Alemão, ... >= 7 anos,4,Homem: solteiro,nenhum,2,"carro ou outro, não em conta poupança/títulos",45,nenhum,própria,1,gestão / autônomo / funcionário / diretor altamente qualificado,1,"Sim, registrado em nome do cliente",Sim,Bom
 ... <  0 Marco Alemão,12,créditos existentes pagos devidamente até agora,carro (novo),759,... <  100 Marco Alemão,4  <= ... < 7 anos,4,Homem: solteiro,nenhum,2,imobiliária,26,nenhum,própria,1,funcionário/funcionário qualificado,1,Nenhum,Sim,Ruim
sem conta corrente,36,créditos existentes pagos devidamente até agora,carro (usado),4686,... <  100 Marco Alemão,1  <= ... < 4 anos,2,Homem: solteiro,nenhum,2,desconhecido/sem propriedade,32,nenhum,de graça,1,gestão / autônomo / funcionário / diretor altamente qualificado,1,"Sim, registrado em nome do cliente",Sim,Bom
... >= 200 Marco Alemão/ atribuições salariais por pelo menos 1 ano,15,créditos existentes pagos devidamente até agora,negócios,2687,... <  100 Marco Alemão,4  <= ... < 7 anos,2,Homem: solteiro,nenhum,4,contrato de poupança/seguro de vida da sociedade civil,26,nenhum,alugada,1,funcionário/funcionário qualificado,1,"Sim, registrado em nome do cliente",Sim,Bom
0 <= ... < 200 Marco Alemão,12,atraso no pagamento no passado,rádio/televisão,585,... <  100 Marco Alemão,1  <= ... < 4 anos,4,Homem: casado/viúvo,co-requerente,4,imobiliária,20,nenhum,alugada,2,funcionário/funcionário qualificado,1,Nenhum,Sim,Bom
sem conta corrente,24,créditos existentes pagos devidamente até agora,carro (novo),2255,desconhecido/sem conta poupança,... < 1 ano,4,Homem: solteiro,nenhum,1,contrato de poupança/seguro de vida da sociedade civil,54,nenhum,própria,1,funcionário/funcionário qualificado,1,Nenhum,Sim,Bom
 ... <  0 Marco Alemão,6,conta crítica/outros créditos existentes (não neste banco),carro (novo),609,... <  100 Marco Alemão,4  <= ... < 7 anos,4,Mulher: divorciada/separada/casada,nenhum,3,contrato de poupança/seguro de vida da sociedade civil,37,nenhum,própria,2,funcionário/funcionário qualificado,1,Nenhum,Não,Bom
 ... <  0 Marco Alemão,6,conta crítica/outros créditos existentes (não neste banco),carro (novo),1361,... <  100 Marco Alemão,... < 1 ano,2,Homem: solteiro,nenhum,4,imobiliária,40,nenhum,própria,1,não qualificado - residente,2,Nenhum,Não,Bom
sem conta corrente,36,conta crítica/outros créditos existentes (não neste banco),móveis/equipamentos,7127,... <  100 Marco Alemão,... < 1 ano,2,Mulher: divorciada/separada/casada,nenhum,4,contrato de poupança/seguro de vida da sociedade civil,23,nenhum,alugada,2,funcionário/funcionário qualificado,1,"Sim, registrado em nome do cliente",Sim,Ruim
 ... <  0 Marco Alemão,6,créditos existentes pagos devidamente até agora,carro (novo),1203,100 <= ... <  500 Marco Alemão, ... >= 7 anos,3,Homem: solteiro,nenhum,2,contrato de poupança/seguro de vida da sociedade civil,43,nenhum,própria,1,funcionário/funcionário qualificado,1,"Sim, registrado em nome do cliente",Sim,Bom
sem conta corrente,6,conta crítica/outros créditos existentes (não neste banco),rádio/televisão,700,desconhecido/sem conta poupança, ... >= 7 anos,4,Homem: solteiro,nenhum,4,desconhecido/sem propriedade,36,nenhum,de graça,2,funcionário/funcionário qualificado,1,Nenhum,Sim,Bom
sem conta corrente,24,conta crítica/outros créditos existentes (não neste banco),reparos,5507,... <  100 Marco Alemão, ... >= 7 anos,3,Homem: solteiro,nenhum,4,desconhecido/sem propriedade,44,nenhum,de graça,2,funcionário/funcionário qualificado,1,Nenhum,Sim,Bom
 ... <  0 Marco Alemão,18,créditos existentes pagos devidamente até agora,rádio/televisão,3190,... <  100 Marco Alemão,1  <= ... < 4 anos,2,Mulher: divorciada/separada/casada,nenhum,2,imobiliária,24,nenhum,própria,1,funcionário/funcionário qualificado,1,Nenhum,Sim,Ruim
 ... <  0 Marco Alemão,48,nenhum crédito obtido/todos os créditos pagos devidamente,móveis/equipamentos,7119,... <  100 Marco Alemão,1  <= ... < 4 anos,3,Homem: solteiro,nenhum,4,desconhecido/sem propriedade,53,nenhum,de graça,2,funcionário/funcionário qualificado,2,Nenhum,Sim,Ruim
sem conta corrente,24,créditos existentes pagos devidamente até agora,carro (usado),3488,100 <= ... <  500 Marco Alemão,4  <= ... < 7 anos,3,Mulher: divorciada/separada/casada,nenhum,4,"carro ou outro, não em conta poupança/títulos",23,nenhum,própria,1,funcionário/funcionário qualificado,1,Nenhum,Sim,Bom
0 <= ... < 200 Marco Alemão,18,créditos existentes pagos devidamente até agora,rádio/televisão,1113,... <  100 Marco Alemão,1  <= ... < 4 anos,4,Mulher: divorciada/separada/casada,fiador,4,imobiliária,26,nenhum,própria,1,não qualificado - residente,2,Nenhum,Sim,Bom
0 <= ... < 200 Marco Alemão,26,créditos existentes pagos devidamente até agora,carro (usado),7966,... <  100 Marco Alemão,... < 1 ano,2,Homem: solteiro,nenhum,3,"carro ou outro, não em conta poupança/títulos",30,nenhum,própria,2,funcionário/funcionário qualificado,1,Nenhum,Sim,Bom
sem conta corrente,15,conta crítica/outros créditos existentes (não neste banco),educação,1532,100 <= ... <  500 Marco Alemão,1  <= ... < 4 anos,4,Mulher: divorciada/separada/casada,nenhum,3,"carro ou outro, não em conta poupança/títulos",31,nenhum,própria,1,funcionário/funcionário qualificado,1,Nenhum,Sim,Bom
sem conta corrente,4,conta crítica/outros créditos existentes (não neste banco),rádio/televisão,1503,... <  100 Marco Alemão,4  <= ... < 7 anos,2,Homem: solteiro,nenhum,1,imobiliária,42,nenhum,própria,2,não qualificado - residente,2,Nenhum,Sim,Bom
 ... <  0 Marco Alemão,36,créditos existentes pagos devidamente até agora,rádio/televisão,2302,... <  100 Marco Alemão,1  <= ... < 4 anos,4,Homem: divorciado/separado,nenhum,4,"carro ou outro, não em conta poupança/títulos",31,nenhum,alugada,1,funcionário/funcionário qualificado,1,Nenhum,Sim,Ruim
 ... <  0 Marco Alemão,6,créditos existentes pagos devidamente até agora,carro (novo),662,... <  100 Marco Alemão,... < 1 ano,3,Homem: solteiro,nenhum,4,imobiliária,41,nenhum,própria,1,não qualificado - residente,2,"Sim, registrado em nome do cliente",Sim,Bom
0 <= ... < 200 Marco Alemão,36,créditos existentes pagos devidamente até agora,educação,2273,... <  100 Marco Alemão,4  <= ... < 7 anos,3,Homem: solteiro,nenhum,1,"carro ou outro, não em conta poupança/títulos",32,nenhum,própria,2,funcionário/funcionário qualificado,2,Nenhum,Sim,Bom
0 <= ... < 200 Marco Alemão,15,créditos existentes pagos devidamente até agora,carro (novo),2631,100 <= ... <  500 Marco Alemão,1  <= ... < 4 anos,2,Mulher: divorciada/separada/casada,nenhum,4,"carro ou outro, não em conta poupança/títulos",28,nenhum,alugada,2,funcionário/funcionário qualificado,1,"Sim, registrado em nome do cliente",Sim,Ruim
sem conta corrente,12,atraso no pagamento no passado,carro (usado),1503,... <  100 Marco Alemão,1  <= ... < 4 anos,4,Homem: casado/viúvo,nenhum,4,imobiliária,41,nenhum,alugada,1,funcionário/funcionário qualificado,1,Nenhum,Sim,Bom
sem conta corrente,24,créditos existentes pagos devidamente até agora,rádio/televisão,1311,100 <= ... <  500 Marco Alemão,4  <= ... < 7 anos,4,Homem: casado/viúvo,nenhum,3,contrato de poupança/seguro de vida da sociedade civil,26,nenhum,própria,1,funcionário/funcionário qualificado,1,"Sim, registrado em nome do cliente",Sim,Bom
sem conta corrente,24,créditos existentes pagos devidamente até agora,rádio/televisão,3105,desconhecido/sem conta poupança,... < 1 ano,4,Homem: solteiro,nenhum,2,"carro ou outro, não em conta poupança/títulos",25,nenhum,própria,2,funcionário/funcionário qualificado,1,Nenhum,Sim,Bom
... >= 200 Marco Alemão/ atribuições salariais por pelo menos 1 ano,21,conta crítica/outros créditos existentes (não neste banco),educação,2319,... <  100 Marco Alemão,... < 1 ano,2,Homem: divorciado/separado,nenhum,1,"carro ou outro, não em conta poupança/títulos",33,nenhum,alugada,1,funcionário/funcionário qualificado,1,Nenhum,Sim,Ruim
 ... <  0 Marco Alemão,6,créditos existentes pagos devidamente até agora,carro (novo),1374,desconhecido/sem conta poupança,desempregado,4,Mulher: divorciada/separada/casada,nenhum,3,contrato de poupança/seguro de vida da sociedade civil,75,nenhum,própria,1,gestão / autônomo / funcionário / diretor altamente qualificado,1,"Sim, registrado em nome do cliente",Sim,Bom
0 <= ... < 200 Marco Alemão,18,conta crítica/outros créditos existentes (não neste banco),móveis/equipamentos,3612,... <  100 Marco Alemão, ... >= 7 anos,3,Mulher: divorciada/separada/casada,nenhum,4,contrato de poupança/seguro de vida da sociedade civil,37,nenhum,própria,1,funcionário/funcionário qualificado,1,"Sim, registrado em nome do cliente",Sim,Bom
 ... <  0 Marco Alemão,48,créditos existentes pagos devidamente até agora,carro (novo),7763,... <  100 Marco Alemão, ... >= 7 anos,4,Homem: solteiro,nenhum,4,desconhecido/sem propriedade,42,banco,de graça,1,gestão / autônomo / funcionário / diretor altamente qualificado,1,Nenhum,Sim,Ruim
... >= 200 Marco Alemão/ atribuições salariais por pelo menos 1 ano,18,créditos existentes pagos devidamente até agora,móveis/equipamentos,3049,... <  100 Marco Alemão,... < 1 ano,1,Mulher: divorciada/separada/casada,nenhum,1,contrato de poupança/seguro de vida da sociedade civil,45,lojas,própria,1,não qualificado - residente,1,Nenhum,Sim,Bom
0 <= ... < 200 Marco Alemão,12,créditos existentes pagos devidamente até agora,rádio/televisão,1534,... <  100 Marco Alemão,... < 1 ano,1,Homem: casado/viúvo,nenhum,1,imobiliária,23,nenhum,alugada,1,funcionário/funcionário qualificado,1,Nenhum,Sim,Ruim
sem conta corrente,24,atraso no pagamento no passado,carro (novo),2032,... <  100 Marco Alemão, ... >= 7 anos,4,Homem: solteiro,nenhum,4,desconhecido/sem propriedade,60,nenhum,de graça,2,funcionário/funcionário qualificado,1,"Sim, registrado em nome do cliente",Sim,Bom
 ... <  0 Marco Alemão,30,créditos existentes pagos devidamente até agora,móveis/equipamentos,6350,desconhecido/sem conta poupança, ... >= 7 anos,4,Homem: solteiro,nenhum,4,contrato de poupança/seguro de vida da sociedade civil,31,nenhum,própria,1,funcionário/funcionário qualificado,1,Nenhum,Sim,Ruim
... >= 200 Marco Alemão/ atribuições salariais por pelo menos 1 ano,18,créditos existentes pagos devidamente até agora,móveis/equipamentos,2864,... <  100 Marco Alemão,1  <= ... < 4 anos,2,Homem: solteiro,nenhum,1,imobiliária,34,nenhum,própria,1,não qualificado - residente,2,Nenhum,Sim,Ruim
sem conta corrente,12,conta crítica/outros créditos existentes (não neste banco),carro (novo),1255,... <  100 Marco Alemão, ... >= 7 anos,4,Homem: solteiro,nenhum,4,imobiliária,61,nenhum,própria,2,não qualificado - residente,1,Nenhum,Sim,Bom
 ... <  0 Marco Alemão,24,atraso no pagamento no passado,carro (novo),1333,... <  100 Marco Alemão,desempregado,4,Homem: solteiro,nenhum,2,imobiliária,43,nenhum,de graça,2,funcionário/funcionário qualificado,2,Nenhum,Sim,Ruim
sem conta corrente,24,conta crítica/outros créditos existentes (não neste banco),carro (novo),2022,... <  100 Marco Alemão,1  <= ... < 4 anos,4,Mulher: divorciada/separada/casada,nenhum,4,"carro ou outro, não em conta poupança/títulos",37,nenhum,própria,1,funcionário/funcionário qualificado,1,"Sim, registrado em nome do cliente",Sim,Bom
sem conta corrente,24,créditos existentes pagos devidamente até agora,rádio/televisão,1552,... <  100 Marco Alemão,4  <= ... < 7 anos,3,Homem: solteiro,nenhum,1,"carro ou outro, não em conta poupança/títulos",32,banco,própria,1,funcionário/funcionário qualificado,2,Nenhum,Sim,Bom
 ... <  0 Marco Alemão,12,todos os créditos deste banco foram devidamente pagos,rádio/televisão,626,... <  100 Marco Alemão,1  <= ... < 4 anos,4,Mulher: divorciada/separada/casada,nenhum,4,imobiliária,24,banco,própria,1,não qualificado - residente,1,Nenhum,Sim,Ruim
sem conta corrente,48,conta crítica/outros créditos existentes (não neste banco),carro (usado),8858,desconhecido/sem conta poupança,4  <= ... < 7 anos,2,Homem: solteiro,nenhum,1,desconhecido/sem propriedade,35,nenhum,de graça,2,funcionário/funcionário qualificado,1,"Sim, registrado em nome do cliente",Sim,Bom
sem conta corrente,12,conta crítica/outros créditos existentes (não neste banco),reparos,996,desconhecido/sem conta poupança,4  <= ... < 7 anos,4,Mulher: divorciada/separada/casada,nenhum,4,imobiliária,23,nenhum,própria,2,funcionário/funcionário qualificado,1,Nenhum,Sim,Bom
sem conta corrente,6,todos os créditos deste banco foram devidamente pagos,rádio/televisão,1750,500 <= ... < 1000 Marco Alemão, ... >= 7 anos,2,Homem: solteiro,nenhum,4,contrato de poupança/seguro de vida da sociedade civil,45,banco,própria,1,não qualificado - residente,2,Nenhum,Sim,Bom
 ... <  0 Marco Alemão,48,créditos existentes pagos devidamente até agora,rádio/televisão,6999,... <  100 Marco Alemão,4  <= ... < 7 anos,1,Homem: casado/viúvo,fiador,1,imobiliária,34,nenhum,própria,2,funcionário/funcionário qualificado,1,"Sim, registrado em nome do cliente",Sim,Ruim
0 <= ... < 200 Marco Alemão,12,conta crítica/outros créditos existentes (não neste banco),carro (novo),1995,100 <= ... <  500 Marco Alemão,... < 1 ano,4,Homem: solteiro,nenhum,1,"carro ou outro, não em conta poupança/títulos",27,nenhum,própria,1,funcionário/funcionário qualificado,1,Nenhum,Sim,Bom
0 <= ... < 200 Marco Alemão,9,créditos existentes pagos devidamente até agora,educação,1199,... <  100 Marco Alemão,4  <= ... < 7 anos,4,Mulher: divorciada/separada/casada,nenhum,4,contrato de poupança/seguro de vida da sociedade civil,67,nenhum,própria,2,gestão / autônomo / funcionário / diretor altamente qualificado,1,"Sim, registrado em nome do cliente",Sim,Bom
0 <= ... < 200 Marco Alemão,12,créditos existentes pagos devidamente até agora,rádio/televisão,1331,... <  100 Marco Alemão,... < 1 ano,2,Homem: solteiro,nenhum,1,"carro ou outro, não em conta poupança/títulos",22,lojas,própria,1,funcionário/funcionário qualificado,1,Nenhum,Sim,Ruim
0 <= ... < 200 Marco Alemão,18,nenhum crédito obtido/todos os créditos pagos devidamente,carro (novo),2278,100 <= ... <  500 Marco Alemão,... < 1 ano,3,Mulher: divorciada/separada/casada,nenhum,3,"carro ou outro, não em conta poupança/títulos",28,nenhum,própria,2,funcionário/funcionário qualificado,1,Nenhum,Sim,Ruim
sem conta corrente,21,nenhum crédito obtido/todos os créditos pagos devidamente,carro (novo),5003,desconhecido/sem conta poupança,1  <= ... < 4 anos,1,Mulher: divorciada/separada/casada,nenhum,4,contrato de poupança/seguro de vida da sociedade civil,29,banco,própria,2,funcionário/funcionário qualificado,1,"Sim, registrado em nome do cliente",Sim,Ruim
 ... <  0 Marco Alemão,24,todos os créditos deste banco foram devidamente pagos,móveis/equipamentos,3552,... <  100 Marco Alemão,4  <= ... < 7 anos,3,Homem: solteiro,nenhum,4,"carro ou outro, não em conta poupança/títulos",27,banco,própria,1,funcionário/funcionário qualificado,1,Nenhum,Sim,Ruim
0 <= ... < 200 Marco Alemão,18,conta crítica/outros créditos existentes (não neste banco),móveis/equipamentos,1928,... <  100 Marco Alemão,... < 1 ano,2,Homem: solteiro,nenhum,2,imobiliária,31,nenhum,própria,2,não qualificado - residente,1,Nenhum,Sim,Ruim
 ... <  0 Marco Alemão,24,créditos existentes pagos devidamente até agora,carro (usado),2964,desconhecido/sem conta poupança, ... >= 7 anos,4,Homem: solteiro,nenhum,4,desconhecido/sem propriedade,49,banco,de graça,1,funcionário/funcionário qualificado,2,"Sim, registrado em nome do cliente",Sim,Bom
 ... <  0 Marco Alemão,24,todos os créditos deste banco foram devidamente pagos,rádio/televisão,1546,... <  100 Marco Alemão,4  <= ... < 7 anos,4,Homem: solteiro,fiador,4,"carro ou outro, não em conta poupança/títulos",24,banco,alugada,1,não qualificado - residente,1,Nenhum,Sim,Ruim
... >= 200 Marco Alemão/ atribuições salariais por pelo menos 1 ano,6,atraso no pagamento no passado,rádio/televisão,683,... <  100 Marco Alemão,... < 1 ano,2,Mulher: divorciada/separada/casada,nenhum,1,contrato de poupança/seguro de vida da sociedade civil,29,banco,própria,1,funcionário/funcionário qualificado,1,Nenhum,Sim,Bom
0 <= ... < 200 Marco Alemão,36,créditos existentes pagos devidamente até agora,carro (novo),12389,desconhecido/sem conta poupança,1  <= ... < 4 anos,1,Homem: solteiro,nenhum,4,desconhecido/sem propriedade,37,nenhum,de graça,1,funcionário/funcionário qualificado,1,"Sim, registrado em nome do cliente",Sim,Ruim
0 <= ... < 200 Marco Alemão,24,atraso no pagamento no passado,negócios,4712,desconhecido/sem conta poupança,1  <= ... < 4 anos,4,Homem: solteiro,nenhum,2,contrato de poupança/seguro de vida da sociedade civil,37,banco,própria,2,gestão / autônomo / funcionário / diretor altamente qualificado,1,"Sim, registrado em nome do cliente",Sim,Bom
0 <= ... < 200 Marco Alemão,24,atraso no pagamento no passado,rádio/televisão,1553,100 <= ... <  500 Marco Alemão,4  <= ... < 7 anos,3,Mulher: divorciada/separada/casada,nenhum,2,contrato de poupança/seguro de vida da sociedade civil,23,nenhum,alugada,2,funcionário/funcionário qualificado,1,"Sim, registrado em nome do cliente",Sim,Bom
 ... <  0 Marco Alemão,12,créditos existentes pagos devidamente até agora,carro (novo),1372,... <  100 Marco Alemão,4  <= ... < 7 anos,2,Homem: divorciado/separado,nenhum,3,"carro ou outro, não em conta poupança/títulos",36,nenhum,própria,1,funcionário/funcionário qualificado,1,Nenhum,Sim,Ruim
sem conta corrente,24,conta crítica/outros créditos existentes (não neste banco),rádio/televisão,2578, ... >= 1000 Marco Alemão, ... >= 7 anos,2,Homem: solteiro,nenhum,2,"carro ou outro, não em conta poupança/títulos",34,nenhum,própria,1,funcionário/funcionário qualificado,1,Nenhum,Sim,Bom
0 <= ... < 200 Marco Alemão,48,créditos existentes pagos devidamente até agora,rádio/televisão,3979,desconhecido/sem conta poupança,4  <= ... < 7 anos,4,Homem: solteiro,nenhum,1,"carro ou outro, não em conta poupança/títulos",41,nenhum,própria,2,funcionário/funcionário qualificado,2,"Sim, registrado em nome do cliente",Sim,Bom
 ... <  0 Marco Alemão,48,créditos existentes pagos devidamente até agora,rádio/televisão,6758,... <  100 Marco Alemão,1  <= ... < 4 anos,3,Mulher: divorciada/separada/casada,nenhum,2,"carro ou outro, não em conta poupança/títulos",31,nenhum,própria,1,funcionário/funcionário qualificado,1,"Sim, registrado em nome do cliente",Sim,Ruim
 ... <  0 Marco Alemão,24,créditos existentes pagos devidamente até agora,móveis/equipamentos,3234,... <  100 Marco Alemão,... < 1 ano,4,Mulher: divorciada/separada/casada,nenhum,4,imobiliária,23,nenhum,alugada,1,não qualificado - residente,1,"Sim, registrado em nome do cliente",Sim,Ruim
sem conta corrente,30,conta crítica/outros créditos existentes (não neste banco),rádio/televisão,5954,... <  100 Marco Alemão,4  <= ... < 7 anos,3,Homem: solteiro,co-requerente,2,"carro ou outro, não em conta poupança/títulos",38,nenhum,própria,1,funcionário/funcionário qualificado,1,Nenhum,Sim,Bom
sem conta corrente,24,créditos existentes pagos devidamente até agora,carro (usado),5433,desconhecido/sem conta poupança,desempregado,2,Mulher: divorciada/separada/casada,nenhum,4,contrato de poupança/seguro de vida da sociedade civil,26,nenhum,alugada,1,gestão / autônomo / funcionário / diretor altamente qualificado,1,"Sim, registrado em nome do cliente",Sim,Bom
 ... <  0 Marco Alemão,15,créditos existentes pagos devidamente até agora,negócios,806,... <  100 Marco Alemão,1  <= ... < 4 anos,4,Mulher: divorciada/separada/casada,nenhum,4,contrato de poupança/seguro de vida da sociedade civil,22,nenhum,própria,1,não qualificado - residente,1,Nenhum,Sim,Bom
0 <= ... < 200 Marco Alemão,9,créditos existentes pagos devidamente até agora,rádio/televisão,1082,... <  100 Marco Alemão, ... >= 7 anos,4,Homem: solteiro,nenhum,4,"carro ou outro, não em conta poupança/títulos",27,nenhum,própria,2,não qualificado - residente,1,Nenhum,Sim,Bom
sem conta corrente,15,conta crítica/outros créditos existentes (não neste banco),móveis/equipamentos,2788,... <  100 Marco Alemão,4  <= ... < 7 anos,2,Mulher: divorciada/separada/casada,co-requerente,3,"carro ou outro, não em conta poupança/títulos",24,banco,própria,2,funcionário/funcionário qualificado,1,Nenhum,Sim,Bom
0 <= ... < 200 Marco Alemão,12,créditos existentes pagos devidamente até agora,rádio/televisão,2930,... <  100 Marco Alemão,4  <= ... < 7 anos,2,Mulher: divorciada/separada/casada,nenhum,1,imobiliária,27,nenhum,própria,1,funcionário/funcionário qualificado,1,Nenhum,Sim,Bom
sem conta corrente,24,conta crítica/outros créditos existentes (não neste banco),educação,1927,desconhecido/sem conta poupança,1  <= ... < 4 anos,3,Mulher: divorciada/separada/casada,nenhum,2,"carro ou outro, não em conta poupança/títulos",33,nenhum,própria,2,funcionário/funcionário qualificado,1,"Sim, registrado em nome do cliente",Sim,Bom
0 <= ... < 200 Marco Alemão,36,conta crítica/outros créditos existentes (não neste banco),carro (novo),2820,... <  100 Marco Alemão,... < 1 ano,4,Homem: divorciado/separado,nenhum,4,"carro ou outro, não em conta poupança/títulos",27,nenhum,própria,2,funcionário/funcionário qualificado,1,Nenhum,Sim,Ruim
sem conta corrente,24,créditos existentes pagos devidamente até agora,reciclagem,937,... <  100 Marco Alemão,... < 1 ano,4,Homem: casado/viúvo,nenhum,3,"carro ou outro, não em conta poupança/títulos",27,nenhum,própria,2,não qualificado - residente,1,Nenhum,Sim,Bom
0 <= ... < 200 Marco Alemão,18,conta crítica/outros créditos existentes (não neste banco),carro (novo),1056,... <  100 Marco Alemão, ... >= 7 anos,3,Homem: solteiro,fiador,3,imobiliária,30,banco,própria,2,funcionário/funcionário qualificado,1,Nenhum,Sim,Ruim
0 <= ... < 200 Marco Alemão,12,conta crítica/outros créditos existentes (não neste banco),carro (novo),3124,... <  100 Marco Alemão,... < 1 ano,1,Homem: solteiro,nenhum,3,imobiliária,49,banco,própria,2,não qualificado - residente,2,Nenhum,Sim,Bom
sem conta corrente,9,créditos existentes pagos devidamente até agora,móveis/equipamentos,1388,... <  100 Marco Alemão,1  <= ... < 4 anos,4,Mulher: divorciada/separada/casada,nenhum,2,imobiliária,26,nenhum,alugada,1,funcionário/funcionário qualificado,1,Nenhum,Sim,Bom
0 <= ... < 200 Marco Alemão,36,créditos existentes pagos devidamente até agora,reparos,2384,... <  100 Marco Alemão,... < 1 ano,4,Homem: solteiro,nenhum,1,desconhecido/sem propriedade,33,nenhum,alugada,1,não qualificado - residente,1,Nenhum,Sim,Ruim
sem conta corrente,12,créditos existentes pagos devidamente até agora,carro (novo),2133,desconhecido/sem conta poupança, ... >= 7 anos,4,Mulher: divorciada/separada/casada,nenhum,4,desconhecido/sem propriedade,52,nenhum,de graça,1,gestão / autônomo / funcionário / diretor altamente qualificado,1,"Sim, registrado em nome do cliente",Sim,Bom
 ... <  0 Marco Alemão,18,créditos existentes pagos devidamente até agora,móveis/equipamentos,2039,... <  100 Marco Alemão,1  <= ... < 4 anos,1,Mulher: divorciada/separada/casada,nenhum,4,imobiliária,20,banco,alugada,1,funcionário/funcionário qualificado,1,Nenhum,Sim,Ruim
 ... <  0 Marco Alemão,9,conta crítica/outros créditos existentes (não neste banco),carro (novo),2799,... <  100 Marco Alemão,1  <= ... < 4 anos,2,Homem: solteiro,nenhum,2,imobiliária,36,nenhum,alugada,2,funcionário/funcionário qualificado,2,Nenhum,Sim,Bom
 ... <  0 Marco Alemão,12,créditos existentes pagos devidamente até agora,móveis/equipamentos,1289,... <  100 Marco Alemão,1  <= ... < 4 anos,4,Homem: solteiro,fiador,1,contrato de poupança/seguro de vida da sociedade civil,21,nenhum,própria,1,não qualificado - residente,1,Nenhum,Sim,Bom
 ... <  0 Marco Alemão,18,créditos existentes pagos devidamente até agora,eletrodomésticos,1217,... <  100 Marco Alemão,1  <= ... < 4 anos,4,Homem: casado/viúvo,nenhum,3,imobiliária,47,nenhum,própria,1,não qualificado - residente,1,"Sim, registrado em nome do cliente",Sim,Ruim
 ... <  0 Marco Alemão,12,conta crítica/outros créditos existentes (não neste banco),móveis/equipamentos,2246,... <  100 Marco Alemão, ... >= 7 anos,3,Homem: solteiro,nenhum,3,contrato de poupança/seguro de vida da sociedade civil,60,nenhum,própria,2,funcionário/funcionário qualificado,1,Nenhum,Sim,Ruim
 ... <  0 Marco Alemão,12,conta crítica/outros créditos existentes (não neste banco),rádio/televisão,385,... <  100 Marco Alemão,4  <= ... < 7 anos,4,Mulher: divorciada/separada/casada,nenhum,3,imobiliária,58,nenhum,própria,4,não qualificado - residente,1,"Sim, registrado em nome do cliente",Sim,Bom
0 <= ... < 200 Marco Alemão,24,atraso no pagamento no passado,carro (novo),1965,desconhecido/sem conta poupança,1  <= ... < 4 anos,4,Mulher: divorciada/separada/casada,nenhum,4,"carro ou outro, não em conta poupança/títulos",42,nenhum,alugada,2,funcionário/funcionário qualificado,1,"Sim, registrado em nome do cliente",Sim,Bom
sem conta corrente,21,créditos existentes pagos devidamente até agora,negócios,1572, ... >= 1000 Marco Alemão, ... >= 7 anos,4,Mulher: divorciada/separada/casada,nenhum,4,imobiliária,36,banco,própria,1,não qualificado - residente,1,Nenhum,Sim,Bom
0 <= ... < 200 Marco Alemão,24,créditos existentes pagos devidamente até agora,carro (novo),2718,... <  100 Marco Alemão,1  <= ... < 4 anos,3,Mulher: divorciada/separada/casada,nenhum,4,contrato de poupança/seguro de vida da sociedade civil,20,nenhum,alugada,1,não qualificado - residente,1,"Sim, registrado em nome do cliente",Sim,Ruim
 ... <  0 Marco Alemão,24,todos os créditos deste banco foram devidamente pagos,carro (usado)0,1358,desconhecido/sem conta poupança, ... >= 7 anos,4,Homem: solteiro,nenhum,3,"carro ou outro, não em conta poupança/títulos",40,lojas,própria,1,gestão / autônomo / funcionário / diretor altamente qualificado,1,"Sim, registrado em nome do cliente",Sim,Ruim
0 <= ... < 200 Marco Alemão,6,todos os créditos deste banco foram devidamente pagos,carro (novo),931,100 <= ... <  500 Marco Alemão,... < 1 ano,1,Mulher: divorciada/separada/casada,nenhum,1,contrato de poupança/seguro de vida da sociedade civil,32,lojas,própria,1,não qualificado - residente,1,Nenhum,Sim,Ruim
 ... <  0 Marco Alemão,24,créditos existentes pagos devidamente até agora,carro (novo),1442,... <  100 Marco Alemão,4  <= ... < 7 anos,4,Mulher: divorciada/separada/casada,nenhum,4,"carro ou outro, não em conta poupança/títulos",23,nenhum,alugada,2,funcionário/funcionário qualificado,1,Nenhum,Sim,Ruim
0 <= ... < 200 Marco Alemão,24,nenhum crédito obtido/todos os créditos pagos devidamente,negócios,4241,... <  100 Marco Alemão,1  <= ... < 4 anos,1,Homem: solteiro,nenhum,4,imobiliária,36,nenhum,própria,3,não qualificado - residente,1,"Sim, registrado em nome do cliente",Sim,Ruim
sem conta corrente,18,conta crítica/outros créditos existentes (não neste banco),carro (novo),2775,... <  100 Marco Alemão,4  <= ... < 7 anos,2,Homem: solteiro,nenhum,2,contrato de poupança/seguro de vida da sociedade civil,31,banco,própria,2,funcionário/funcionário qualificado,1,Nenhum,Sim,Ruim
sem conta corrente,24,atraso no pagamento no passado,negócios,3863,... <  100 Marco Alemão,1  <= ... < 4 anos,1,Homem: solteiro,nenhum,2,desconhecido/sem propriedade,32,nenhum,de graça,1,funcionário/funcionário qualificado,1,Nenhum,Sim,Bom
0 <= ... < 200 Marco Alemão,7,créditos existentes pagos devidamente até agora,rádio/televisão,2329,... <  100 Marco Alemão,... < 1 ano,1,Mulher: divorciada/separada/casada,fiador,1,imobiliária,45,nenhum,própria,1,funcionário/funcionário qualificado,1,Nenhum,Sim,Bom
0 <= ... < 200 Marco Alemão,9,créditos existentes pagos devidamente até agora,móveis/equipamentos,918,... <  100 Marco Alemão,1  <= ... < 4 anos,4,Mulher: divorciada/separada/casada,nenhum,1,contrato de poupança/seguro de vida da sociedade civil,30,nenhum,própria,1,funcionário/funcionário qualificado,1,Nenhum,Sim,Ruim
0 <= ... < 200 Marco Alemão,24,todos os créditos deste banco foram devidamente pagos,educação,1837,... <  100 Marco Alemão,4  <= ... < 7 anos,4,Mulher: divorciada/separada/casada,nenhum,4,desconhecido/sem propriedade,34,banco,de graça,1,não qualificado - residente,1,Nenhum,Sim,Ruim
sem conta corrente,36,créditos existentes pagos devidamente até agora,móveis/equipamentos,3349,... <  100 Marco Alemão,1  <= ... < 4 anos,4,Mulher: divorciada/separada/casada,nenhum,2,"carro ou outro, não em conta poupança/títulos",28,nenhum,própria,1,gestão / autônomo / funcionário / diretor altamente qualificado,1,"Sim, registrado em nome do cliente",Sim,Ruim
... >= 200 Marco Alemão/ atribuições salariais por pelo menos 1 ano,10,créditos existentes pagos devidamente até agora,móveis/equipamentos,1275,... <  100 Marco Alemão,... < 1 ano,4,Mulher: divorciada/separada/casada,nenhum,2,contrato de poupança/seguro de vida da sociedade civil,23,nenhum,própria,1,funcionário/funcionário qualificado,1,Nenhum,Sim,Bom
 ... <  0 Marco Alemão,24,todos os créditos deste banco foram devidamente pagos,móveis/equipamentos,2828,500 <= ... < 1000 Marco Alemão,1  <= ... < 4 anos,4,Homem: solteiro,nenhum,4,imobiliária,22,lojas,própria,1,funcionário/funcionário qualificado,1,"Sim, registrado em nome do cliente",Sim,Bom
sem conta corrente,24,conta crítica/outros créditos existentes (não neste banco),negócios,4526,... <  100 Marco Alemão,1  <= ... < 4 anos,3,Homem: solteiro,nenhum,2,imobiliária,74,nenhum,própria,1,gestão / autônomo / funcionário / diretor altamente qualificado,1,"Sim, registrado em nome do cliente",Sim,Bom
0 <= ... < 200 Marco Alemão,36,créditos existentes pagos devidamente até agora,rádio/televisão,2671,100 <= ... <  500 Marco Alemão,1  <= ... < 4 anos,4,Mulher: divorciada/separada/casada,co-requerente,4,desconhecido/sem propriedade,50,nenhum,de graça,1,funcionário/funcionário qualificado,1,Nenhum,Sim,Ruim
sem conta corrente,18,créditos existentes pagos devidamente até agora,rádio/televisão,2051,... <  100 Marco Alemão,... < 1 ano,4,Homem: solteiro,nenhum,1,imobiliária,33,nenhum,própria,1,funcionário/funcionário qualificado,1,Nenhum,Sim,Bom
sem conta corrente,15,créditos existentes pagos devidamente até agora,carro (usado),1300,desconhecido/sem conta poupança, ... >= 7 anos,4,Homem: solteiro,nenhum,4,desconhecido/sem propriedade,45,banco,de graça,1,funcionário/funcionário qualificado,2,Nenhum,Sim,Bom
 ... <  0 Marco Alemão,12,créditos existentes pagos devidamente até agora,eletrodomésticos,741,100 <= ... <  500 Marco Alemão,desempregado,4,Mulher: divorciada/separada/casada,nenhum,3,contrato de poupança/seguro de vida da sociedade civil,22,nenhum,própria,1,funcionário/funcionário qualificado,1,Nenhum,Sim,Ruim
... >= 200 Marco Alemão/ atribuições salariais por pelo menos 1 ano,10,créditos existentes pagos devidamente até agora,carro (novo),1240,100 <= ... <  500 Marco Alemão, ... >= 7 anos,1,Mulher: divorciada/separada/casada,nenhum,4,desconhecido/sem propriedade,48,nenhum,de graça,1,não qualificado - residente,2,Nenhum,Sim,Ruim
 ... <  0 Marco Alemão,21,créditos existentes pagos devidamente até agora,rádio/televisão,3357, ... >= 1000 Marco Alemão,... < 1 ano,4,Mulher: divorciada/separada/casada,nenhum,2,"carro ou outro, não em conta poupança/títulos",29,banco,própria,1,funcionário/funcionário qualificado,1,Nenhum,Sim,Bom
 ... <  0 Marco Alemão,24,todos os créditos deste banco foram devidamente pagos,carro (usado),3632,... <  100 Marco Alemão,1  <= ... < 4 anos,1,Mulher: divorciada/separada/casada,fiador,4,"carro ou outro, não em conta poupança/títulos",22,banco,alugada,1,funcionário/funcionário qualificado,1,Nenhum,Não,Bom
sem conta corrente,18,atraso no pagamento no passado,móveis/equipamentos,1808,... <  100 Marco Alemão,4  <= ... < 7 anos,4,Mulher: divorciada/separada/casada,nenhum,1,imobiliária,22,nenhum,própria,1,funcionário/funcionário qualificado,1,Nenhum,Sim,Ruim
0 <= ... < 200 Marco Alemão,48,nenhum crédito obtido/todos os créditos pagos devidamente,negócios,12204,desconhecido/sem conta poupança,1  <= ... < 4 anos,2,Homem: solteiro,nenhum,2,"carro ou outro, não em conta poupança/títulos",48,banco,própria,1,gestão / autônomo / funcionário / diretor altamente qualificado,1,"Sim, registrado em nome do cliente",Sim,Bom
0 <= ... < 200 Marco Alemão,60,atraso no pagamento no passado,rádio/televisão,9157,desconhecido/sem conta poupança,1  <= ... < 4 anos,2,Homem: solteiro,nenhum,2,desconhecido/sem propriedade,27,nenhum,de graça,1,gestão / autônomo / funcionário / diretor altamente qualificado,1,Nenhum,Sim,Bom
 ... <  0 Marco Alemão,6,conta crítica/outros créditos existentes (não neste banco),carro (novo),3676,... <  100 Marco Alemão,1  <= ... < 4 anos,1,Homem: solteiro,nenhum,3,imobiliária,37,nenhum,alugada,3,funcionário/funcionário qualificado,2,Nenhum,Sim,Bom
0 <= ... < 200 Marco Alemão,30,créditos existentes pagos devidamente até agora,móveis/equipamentos,3441,100 <= ... <  500 Marco Alemão,1  <= ... < 4 anos,2,Mulher: divorciada/separada/casada,co-requerente,4,"carro ou outro, não em conta poupança/títulos",21,nenhum,alugada,1,funcionário/funcionário qualificado,1,Nenhum,Sim,Ruim
sem conta corrente,12,créditos existentes pagos devidamente até agora,carro (novo),640,... <  100 Marco Alemão,1  <= ... < 4 anos,4,Homem: divorciado/separado,nenhum,2,imobiliária,49,nenhum,própria,1,não qualificado - residente,1,Nenhum,Sim,Bom
0 <= ... < 200 Marco Alemão,21,conta crítica/outros créditos existentes (não neste banco),negócios,3652,... <  100 Marco Alemão,4  <= ... < 7 anos,2,Homem: solteiro,nenhum,3,contrato de poupança/seguro de vida da sociedade civil,27,nenhum,própria,2,funcionário/funcionário qualificado,1,Nenhum,Sim,Bom
sem conta corrente,18,conta crítica/outros créditos existentes (não neste banco),carro (novo),1530,... <  100 Marco Alemão,1  <= ... < 4 anos,3,Homem: solteiro,nenhum,2,contrato de poupança/seguro de vida da sociedade civil,32,banco,própria,2,funcionário/funcionário qualificado,1,Nenhum,Sim,Ruim
sem conta corrente,48,créditos existentes pagos devidamente até agora,negócios,3914,desconhecido/sem conta poupança,1  <= ... < 4 anos,4,Homem: divorciado/separado,nenhum,2,imobiliária,38,banco,própria,1,funcionário/funcionário qualificado,1,Nenhum,Sim,Ruim
 ... <  0 Marco Alemão,12,créditos existentes pagos devidamente até agora,móveis/equipamentos,1858,... <  100 Marco Alemão,... < 1 ano,4,Mulher: divorciada/separada/casada,nenhum,1,"carro ou outro, não em conta poupança/títulos",22,nenhum,alugada,1,funcionário/funcionário qualificado,1,Nenhum,Sim,Bom
 ... <  0 Marco Alemão,18,créditos existentes pagos devidamente até agora,rádio/televisão,2600,... <  100 Marco Alemão,1  <= ... < 4 anos,4,Homem: solteiro,nenhum,4,desconhecido/sem propriedade,65,nenhum,de graça,2,funcionário/funcionário qualificado,1,Nenhum,Sim,Ruim
sem conta corrente,15,créditos existentes pagos devidamente até agora,rádio/televisão,1979,desconhecido/sem conta poupança, ... >= 7 anos,4,Homem: solteiro,nenhum,2,"carro ou outro, não em conta poupança/títulos",35,nenhum,própria,1,funcionário/funcionário qualificado,1,Nenhum,Sim,Bom
... >= 200 Marco Alemão/ atribuições salariais por pelo menos 1 ano,6,créditos existentes pagos devidamente até agora,móveis/equipamentos,2116,... <  100 Marco Alemão,1  <= ... < 4 anos,2,Homem: solteiro,nenhum,2,imobiliária,41,nenhum,própria,1,funcionário/funcionário qualificado,1,"Sim, registrado em nome do cliente",Sim,Bom
0 <= ... < 200 Marco Alemão,9,todos os créditos deste banco foram devidamente pagos,carro (novo),1437,100 <= ... <  500 Marco Alemão,4  <= ... < 7 anos,2,Homem: solteiro,nenhum,3,desconhecido/sem propriedade,29,nenhum,própria,1,funcionário/funcionário qualificado,1,Nenhum,Sim,Ruim
sem conta corrente,42,conta crítica/outros créditos existentes (não neste banco),móveis/equipamentos,4042,500 <= ... < 1000 Marco Alemão,1  <= ... < 4 anos,4,Homem: solteiro,nenhum,4,imobiliária,36,nenhum,própria,2,funcionário/funcionário qualificado,1,"Sim, registrado em nome do cliente",Sim,Bom
sem conta corrente,9,créditos existentes pagos devidamente até agora,educação,3832,desconhecido/sem conta poupança, ... >= 7 anos,1,Homem: solteiro,nenhum,4,imobiliária,64,nenhum,própria,1,não qualificado - residente,1,Nenhum,Sim,Bom
 ... <  0 Marco Alemão,24,créditos existentes pagos devidamente até agora,rádio/televisão,3660,... <  100 Marco Alemão,1  <= ... < 4 anos,2,Mulher: divorciada/separada/casada,nenhum,4,"carro ou outro, não em conta poupança/títulos",28,nenhum,própria,1,funcionário/funcionário qualificado,1,Nenhum,Sim,Bom
 ... <  0 Marco Alemão,18,todos os créditos deste banco foram devidamente pagos,móveis/equipamentos,1553,... <  100 Marco Alemão,1  <= ... < 4 anos,4,Homem: solteiro,nenhum,3,"carro ou outro, não em conta poupança/títulos",44,banco,própria,1,funcionário/funcionário qualificado,1,Nenhum,Sim,Ruim
0 <= ... < 200 Marco Alemão,15,créditos existentes pagos devidamente até agora,rádio/televisão,1444,desconhecido/sem conta poupança,... < 1 ano,4,Homem: solteiro,nenhum,1,contrato de poupança/seguro de vida da sociedade civil,23,nenhum,própria,1,funcionário/funcionário qualificado,1,Nenhum,Sim,Bom
sem conta corrente,9,créditos existentes pagos devidamente até agora,móveis/equipamentos,1980,... <  100 Marco Alemão,... < 1 ano,2,Mulher: divorciada/separada/casada,co-requerente,2,"carro ou outro, não em conta poupança/títulos",19,nenhum,alugada,2,funcionário/funcionário qualificado,1,Nenhum,Sim,Ruim
0 <= ... < 200 Marco Alemão,24,créditos existentes pagos devidamente até agora,carro (novo),1355,... <  100 Marco Alemão,... < 1 ano,3,Mulher: divorciada/separada/casada,nenhum,4,"carro ou outro, não em conta poupança/títulos",25,nenhum,própria,1,não qualificado - residente,1,"Sim, registrado em nome do cliente",Sim,Ruim
sem conta corrente,12,créditos existentes pagos devidamente até agora,educação,1393,... <  100 Marco Alemão, ... >= 7 anos,4,Homem: solteiro,nenhum,4,contrato de poupança/seguro de vida da sociedade civil,47,banco,própria,3,funcionário/funcionário qualificado,2,"Sim, registrado em nome do cliente",Sim,Bom
sem conta corrente,24,créditos existentes pagos devidamente até agora,rádio/televisão,1376,500 <= ... < 1000 Marco Alemão,4  <= ... < 7 anos,4,Mulher: divorciada/separada/casada,nenhum,1,"carro ou outro, não em conta poupança/títulos",28,nenhum,própria,1,funcionário/funcionário qualificado,1,Nenhum,Sim,Bom
sem conta corrente,60,atraso no pagamento no passado,rádio/televisão,15653,... <  100 Marco Alemão,4  <= ... < 7 anos,2,Homem: solteiro,nenhum,4,"carro ou outro, não em conta poupança/títulos",21,nenhum,própria,2,funcionário/funcionário qualificado,1,"Sim, registrado em nome do cliente",Sim,Bom
sem conta corrente,12,créditos existentes pagos devidamente até agora,rádio/televisão,1493,... <  100 Marco Alemão,... < 1 ano,4,Mulher: divorciada/separada/casada,nenhum,3,"carro ou outro, não em conta poupança/títulos",34,nenhum,própria,1,funcionário/funcionário qualificado,2,Nenhum,Sim,Bom
 ... <  0 Marco Alemão,42,atraso no pagamento no passado,rádio/televisão,4370,... <  100 Marco Alemão,4  <= ... < 7 anos,3,Homem: solteiro,nenhum,2,contrato de poupança/seguro de vida da sociedade civil,26,banco,própria,2,funcionário/funcionário qualificado,2,"Sim, registrado em nome do cliente",Sim,Ruim
 ... <  0 Marco Alemão,18,créditos existentes pagos devidamente até agora,educação,750,... <  100 Marco Alemão,desempregado,4,Mulher: divorciada/separada/casada,nenhum,1,imobiliária,27,nenhum,própria,1,desempregado/não qualificado - não residente,1,Nenhum,Sim,Ruim
0 <= ... < 200 Marco Alemão,15,créditos existentes pagos devidamente até agora,reparos,1308,... <  100 Marco Alemão, ... >= 7 anos,4,Homem: solteiro,nenhum,4,"carro ou outro, não em conta poupança/títulos",38,nenhum,própria,2,não qualificado - residente,1,Nenhum,Sim,Bom
sem conta corrente,15,créditos existentes pagos devidamente até agora,educação,4623,100 <= ... <  500 Marco Alemão,1  <= ... < 4 anos,3,Homem: solteiro,nenhum,2,contrato de poupança/seguro de vida da sociedade civil,40,nenhum,própria,1,gestão / autônomo / funcionário / diretor altamente qualificado,1,"Sim, registrado em nome do cliente",Sim,Ruim
sem conta corrente,24,conta crítica/outros créditos existentes (não neste banco),rádio/televisão,1851,... <  100 Marco Alemão,4  <= ... < 7 anos,4,Homem: casado/viúvo,fiador,2,"carro ou outro, não em conta poupança/títulos",33,nenhum,própria,2,funcionário/funcionário qualificado,1,"Sim, registrado em nome do cliente",Sim,Bom
 ... <  0 Marco Alemão,18,conta crítica/outros créditos existentes (não neste banco),rádio/televisão,1880,... <  100 Marco Alemão,4  <= ... < 7 anos,4,Homem: casado/viúvo,nenhum,1,contrato de poupança/seguro de vida da sociedade civil,32,nenhum,própria,2,gestão / autônomo / funcionário / diretor altamente qualificado,1,"Sim, registrado em nome do cliente",Sim,Bom
sem conta corrente,36,atraso no pagamento no passado,negócios,7980,desconhecido/sem conta poupança,... < 1 ano,4,Homem: solteiro,nenhum,4,"carro ou outro, não em conta poupança/títulos",27,nenhum,alugada,2,funcionário/funcionário qualificado,1,"Sim, registrado em nome do cliente",Sim,Ruim
 ... <  0 Marco Alemão,30,nenhum crédito obtido/todos os créditos pagos devidamente,móveis/equipamentos,4583,... <  100 Marco Alemão,1  <= ... < 4 anos,2,Homem: divorciado/separado,fiador,2,imobiliária,32,nenhum,própria,2,funcionário/funcionário qualificado,1,Nenhum,Sim,Bom
sem conta corrente,12,créditos existentes pagos devidamente até agora,carro (novo),1386,500 <= ... < 1000 Marco Alemão,1  <= ... < 4 anos,2,Mulher: divorciada/separada/casada,nenhum,2,contrato de poupança/seguro de vida da sociedade civil,26,nenhum,própria,1,funcionário/funcionário qualificado,1,Nenhum,Sim,Ruim
... >= 200 Marco Alemão/ atribuições salariais por pelo menos 1 ano,24,créditos existentes pagos devidamente até agora,carro (novo),947,... <  100 Marco Alemão,4  <= ... < 7 anos,4,Homem: solteiro,nenhum,3,desconhecido/sem propriedade,38,banco,de graça,1,funcionário/funcionário qualificado,2,Nenhum,Sim,Ruim
 ... <  0 Marco Alemão,12,créditos existentes pagos devidamente até agora,educação,684,... <  100 Marco Alemão,1  <= ... < 4 anos,4,Homem: solteiro,nenhum,4,"carro ou outro, não em conta poupança/títulos",40,nenhum,alugada,1,não qualificado - residente,2,Nenhum,Sim,Ruim
 ... <  0 Marco Alemão,48,créditos existentes pagos devidamente até agora,educação,7476,... <  100 Marco Alemão,4  <= ... < 7 anos,4,Homem: solteiro,nenhum,1,desconhecido/sem propriedade,50,nenhum,de graça,1,gestão / autônomo / funcionário / diretor altamente qualificado,1,"Sim, registrado em nome do cliente",Sim,Bom
0 <= ... < 200 Marco Alemão,12,créditos existentes pagos devidamente até agora,móveis/equipamentos,1922,... <  100 Marco Alemão,1  <= ... < 4 anos,4,Homem: solteiro,nenhum,2,contrato de poupança/seguro de vida da sociedade civil,37,nenhum,própria,1,não qualificado - residente,1,Nenhum,Sim,Ruim
 ... <  0 Marco Alemão,24,créditos existentes pagos devidamente até agora,carro (novo),2303,... <  100 Marco Alemão, ... >= 7 anos,4,Homem: solteiro,co-requerente,1,imobiliária,45,nenhum,própria,1,funcionário/funcionário qualificado,1,Nenhum,Sim,Ruim
0 <= ... < 200 Marco Alemão,36,atraso no pagamento no passado,carro (novo),8086,100 <= ... <  500 Marco Alemão, ... >= 7 anos,2,Homem: solteiro,nenhum,4,"carro ou outro, não em conta poupança/títulos",42,nenhum,própria,4,gestão / autônomo / funcionário / diretor altamente qualificado,1,"Sim, registrado em nome do cliente",Sim,Ruim
sem conta corrente,24,conta crítica/outros créditos existentes (não neste banco),carro (usado),2346,... <  100 Marco Alemão,4  <= ... < 7 anos,4,Homem: solteiro,nenhum,3,"carro ou outro, não em conta poupança/títulos",35,nenhum,própria,2,funcionário/funcionário qualificado,1,"Sim, registrado em nome do cliente",Sim,Bom
 ... <  0 Marco Alemão,14,créditos existentes pagos devidamente até agora,carro (novo),3973,... <  100 Marco Alemão,desempregado,1,Homem: solteiro,nenhum,4,desconhecido/sem propriedade,22,nenhum,de graça,1,funcionário/funcionário qualificado,1,Nenhum,Sim,Bom
0 <= ... < 200 Marco Alemão,12,créditos existentes pagos devidamente até agora,carro (novo),888,... <  100 Marco Alemão, ... >= 7 anos,4,Homem: solteiro,nenhum,4,"carro ou outro, não em conta poupança/títulos",41,banco,própria,1,não qualificado - residente,2,Nenhum,Sim,Ruim
sem conta corrente,48,créditos existentes pagos devidamente até agora,rádio/televisão,10222,desconhecido/sem conta poupança,4  <= ... < 7 anos,4,Homem: solteiro,nenhum,3,"carro ou outro, não em conta poupança/títulos",37,lojas,própria,1,funcionário/funcionário qualificado,1,"Sim, registrado em nome do cliente",Sim,Bom
0 <= ... < 200 Marco Alemão,30,nenhum crédito obtido/todos os créditos pagos devidamente,negócios,4221,... <  100 Marco Alemão,1  <= ... < 4 anos,2,Mulher: divorciada/separada/casada,nenhum,1,"carro ou outro, não em conta poupança/títulos",28,nenhum,própria,2,funcionário/funcionário qualificado,1,Nenhum,Sim,Bom
0 <= ... < 200 Marco Alemão,18,conta crítica/outros créditos existentes (não neste banco),móveis/equipamentos,6361,... <  100 Marco Alemão, ... >= 7 anos,2,Homem: solteiro,nenhum,1,desconhecido/sem propriedade,41,nenhum,própria,1,funcionário/funcionário qualificado,1,"Sim, registrado em nome do cliente",Sim,Bom
... >= 200 Marco Alemão/ atribuições salariais por pelo menos 1 ano,12,créditos existentes pagos devidamente até agora,rádio/televisão,1297,... <  100 Marco Alemão,1  <= ... < 4 anos,3,Homem: casado/viúvo,nenhum,4,imobiliária,23,nenhum,alugada,1,funcionário/funcionário qualificado,1,Nenhum,Sim,Bom
 ... <  0 Marco Alemão,12,créditos existentes pagos devidamente até agora,carro (novo),900,desconhecido/sem conta poupança,1  <= ... < 4 anos,4,Homem: casado/viúvo,nenhum,2,"carro ou outro, não em conta poupança/títulos",23,nenhum,própria,1,funcionário/funcionário qualificado,1,Nenhum,Sim,Ruim
sem conta corrente,21,créditos existentes pagos devidamente até agora,móveis/equipamentos,2241,... <  100 Marco Alemão, ... >= 7 anos,4,Homem: solteiro,nenhum,2,imobiliária,50,nenhum,própria,2,funcionário/funcionário qualificado,1,Nenhum,Sim,Bom
0 <= ... < 200 Marco Alemão,6,atraso no pagamento no passado,móveis/equipamentos,1050,... <  100 Marco Alemão,desempregado,4,Homem: solteiro,nenhum,1,contrato de poupança/seguro de vida da sociedade civil,35,lojas,própria,2,gestão / autônomo / funcionário / diretor altamente qualificado,1,"Sim, registrado em nome do cliente",Sim,Bom
... >= 200 Marco Alemão/ atribuições salariais por pelo menos 1 ano,6,conta crítica/outros créditos existentes (não neste banco),educação,1047,... <  100 Marco Alemão,1  <= ... < 4 anos,2,Mulher: divorciada/separada/casada,nenhum,4,contrato de poupança/seguro de vida da sociedade civil,50,nenhum,própria,1,não qualificado - residente,1,Nenhum,Sim,Bom
sem conta corrente,24,conta crítica/outros créditos existentes (não neste banco),carro (usado)0,6314,... <  100 Marco Alemão,desempregado,4,Homem: solteiro,co-requerente,2,desconhecido/sem propriedade,27,banco,própria,2,gestão / autônomo / funcionário / diretor altamente qualificado,1,"Sim, registrado em nome do cliente",Sim,Bom
0 <= ... < 200 Marco Alemão,30,todos os créditos deste banco foram devidamente pagos,móveis/equipamentos,3496, ... >= 1000 Marco Alemão,1  <= ... < 4 anos,4,Homem: solteiro,nenhum,2,"carro ou outro, não em conta poupança/títulos",34,lojas,própria,1,funcionário/funcionário qualificado,2,"Sim, registrado em nome do cliente",Sim,Bom
sem conta corrente,48,todos os créditos deste banco foram devidamente pagos,negócios,3609,... <  100 Marco Alemão,1  <= ... < 4 anos,1,Mulher: divorciada/separada/casada,nenhum,1,imobiliária,27,lojas,própria,1,funcionário/funcionário qualificado,1,Nenhum,Sim,Bom
 ... <  0 Marco Alemão,12,conta crítica/outros créditos existentes (não neste banco),carro (novo),4843,... <  100 Marco Alemão, ... >= 7 anos,3,Homem: solteiro,co-requerente,4,contrato de poupança/seguro de vida da sociedade civil,43,nenhum,alugada,2,funcionário/funcionário qualificado,1,"Sim, registrado em nome do cliente",Sim,Ruim
... >= 200 Marco Alemão/ atribuições salariais por pelo menos 1 ano,30,conta crítica/outros créditos existentes (não neste banco),rádio/televisão,3017,... <  100 Marco Alemão, ... >= 7 anos,4,Homem: solteiro,nenhum,4,contrato de poupança/seguro de vida da sociedade civil,47,nenhum,própria,1,funcionário/funcionário qualificado,1,Nenhum,Sim,Bom
sem conta corrente,24,conta crítica/outros créditos existentes (não neste banco),negócios,4139,100 <= ... <  500 Marco Alemão,1  <= ... < 4 anos,3,Homem: solteiro,nenhum,3,contrato de poupança/seguro de vida da sociedade civil,27,nenhum,própria,2,não qualificado - residente,1,"Sim, registrado em nome do cliente",Sim,Bom
sem conta corrente,36,créditos existentes pagos devidamente até agora,negócios,5742,100 <= ... <  500 Marco Alemão,4  <= ... < 7 anos,2,Homem: solteiro,nenhum,2,"carro ou outro, não em conta poupança/títulos",31,nenhum,própria,2,funcionário/funcionário qualificado,1,"Sim, registrado em nome do cliente",Sim,Bom
sem conta corrente,60,créditos existentes pagos devidamente até agora,carro (novo),10366,... <  100 Marco Alemão, ... >= 7 anos,2,Homem: solteiro,nenhum,4,contrato de poupança/seguro de vida da sociedade civil,42,nenhum,própria,1,gestão / autônomo / funcionário / diretor altamente qualificado,1,"Sim, registrado em nome do cliente",Sim,Bom
sem conta corrente,6,conta crítica/outros créditos existentes (não neste banco),carro (novo),2080,500 <= ... < 1000 Marco Alemão,1  <= ... < 4 anos,1,Homem: casado/viúvo,nenhum,2,"carro ou outro, não em conta poupança/títulos",24,nenhum,própria,1,funcionário/funcionário qualificado,1,Nenhum,Sim,Bom
sem conta corrente,21,atraso no pagamento no passado,negócios,2580,500 <= ... < 1000 Marco Alemão,... < 1 ano,4,Homem: solteiro,nenhum,2,imobiliária,41,banco,própria,1,não qualificado - residente,2,Nenhum,Sim,Ruim
sem conta corrente,30,conta crítica/outros créditos existentes (não neste banco),rádio/televisão,4530,... <  100 Marco Alemão,4  <= ... < 7 anos,4,Mulher: divorciada/separada/casada,nenhum,4,"carro ou outro, não em conta poupança/títulos",26,nenhum,alugada,1,gestão / autônomo / funcionário / diretor altamente qualificado,1,"Sim, registrado em nome do cliente",Sim,Bom
sem conta corrente,24,conta crítica/outros créditos existentes (não neste banco),móveis/equipamentos,5150,... <  100 Marco Alemão, ... >= 7 anos,4,Homem: solteiro,nenhum,4,"carro ou outro, não em conta poupança/títulos",33,nenhum,própria,1,funcionário/funcionário qualificado,1,"Sim, registrado em nome do cliente",Sim,Bom
0 <= ... < 200 Marco Alemão,72,créditos existentes pagos devidamente até agora,rádio/televisão,5595,100 <= ... <  500 Marco Alemão,1  <= ... < 4 anos,2,Homem: casado/viúvo,nenhum,2,"carro ou outro, não em conta poupança/títulos",24,nenhum,própria,1,funcionário/funcionário qualificado,1,Nenhum,Sim,Ruim
 ... <  0 Marco Alemão,24,créditos existentes pagos devidamente até agora,rádio/televisão,2384,... <  100 Marco Alemão, ... >= 7 anos,4,Homem: solteiro,nenhum,4,imobiliária,64,banco,alugada,1,não qualificado - residente,1,Nenhum,Sim,Bom
sem conta corrente,18,créditos existentes pagos devidamente até agora,rádio/televisão,1453,... <  100 Marco Alemão,... < 1 ano,3,Mulher: divorciada/separada/casada,nenhum,1,imobiliária,26,nenhum,própria,1,funcionário/funcionário qualificado,1,Nenhum,Sim,Bom
sem conta corrente,6,créditos existentes pagos devidamente até agora,educação,1538,... <  100 Marco Alemão,... < 1 ano,1,Mulher: divorciada/separada/casada,nenhum,2,desconhecido/sem propriedade,56,nenhum,própria,1,funcionário/funcionário qualificado,1,Nenhum,Sim,Bom
sem conta corrente,12,créditos existentes pagos devidamente até agora,rádio/televisão,2279,desconhecido/sem conta poupança,1  <= ... < 4 anos,4,Homem: solteiro,nenhum,4,desconhecido/sem propriedade,37,nenhum,de graça,1,funcionário/funcionário qualificado,1,"Sim, registrado em nome do cliente",Sim,Bom
sem conta corrente,15,atraso no pagamento no passado,rádio/televisão,1478,... <  100 Marco Alemão,1  <= ... < 4 anos,4,Homem: casado/viúvo,nenhum,3,imobiliária,33,banco,própria,2,funcionário/funcionário qualificado,1,Nenhum,Sim,Bom
sem conta corrente,24,conta crítica/outros créditos existentes (não neste banco),rádio/televisão,5103,... <  100 Marco Alemão,... < 1 ano,3,Homem: casado/viúvo,nenhum,3,desconhecido/sem propriedade,47,nenhum,de graça,3,funcionário/funcionário qualificado,1,"Sim, registrado em nome do cliente",Sim,Bom
0 <= ... < 200 Marco Alemão,36,atraso no pagamento no passado,negócios,9857,100 <= ... <  500 Marco Alemão,4  <= ... < 7 anos,1,Homem: solteiro,nenhum,3,contrato de poupança/seguro de vida da sociedade civil,31,nenhum,própria,2,não qualificado - residente,2,"Sim, registrado em nome do cliente",Sim,Bom
sem conta corrente,60,créditos existentes pagos devidamente até agora,carro (novo),6527,desconhecido/sem conta poupança,1  <= ... < 4 anos,4,Homem: solteiro,nenhum,4,desconhecido/sem propriedade,34,nenhum,de graça,1,funcionário/funcionário qualificado,2,"Sim, registrado em nome do cliente",Sim,Bom
... >= 200 Marco Alemão/ atribuições salariais por pelo menos 1 ano,10,conta crítica/outros créditos existentes (não neste banco),rádio/televisão,1347,desconhecido/sem conta poupança,4  <= ... < 7 anos,4,Homem: solteiro,nenhum,2,contrato de poupança/seguro de vida da sociedade civil,27,nenhum,própria,2,funcionário/funcionário qualificado,1,"Sim, registrado em nome do cliente",Sim,Bom
0 <= ... < 200 Marco Alemão,36,atraso no pagamento no passado,carro (novo),2862,100 <= ... <  500 Marco Alemão, ... >= 7 anos,4,Homem: solteiro,nenhum,3,desconhecido/sem propriedade,30,nenhum,de graça,1,funcionário/funcionário qualificado,1,Nenhum,Sim,Bom
sem conta corrente,9,créditos existentes pagos devidamente até agora,rádio/televisão,2753,100 <= ... <  500 Marco Alemão, ... >= 7 anos,3,Homem: solteiro,co-requerente,4,"carro ou outro, não em conta poupança/títulos",35,nenhum,própria,1,funcionário/funcionário qualificado,1,"Sim, registrado em nome do cliente",Sim,Bom
 ... <  0 Marco Alemão,12,créditos existentes pagos devidamente até agora,carro (novo),3651, ... >= 1000 Marco Alemão,1  <= ... < 4 anos,1,Homem: solteiro,nenhum,3,contrato de poupança/seguro de vida da sociedade civil,31,nenhum,própria,1,funcionário/funcionário qualificado,2,Nenhum,Sim,Bom
 ... <  0 Marco Alemão,15,conta crítica/outros créditos existentes (não neste banco),móveis/equipamentos,975,... <  100 Marco Alemão,1  <= ... < 4 anos,2,Homem: divorciado/separado,nenhum,3,contrato de poupança/seguro de vida da sociedade civil,25,nenhum,própria,2,funcionário/funcionário qualificado,1,Nenhum,Sim,Bom
0 <= ... < 200 Marco Alemão,15,créditos existentes pagos devidamente até agora,reparos,2631,100 <= ... <  500 Marco Alemão,1  <= ... < 4 anos,3,Mulher: divorciada/separada/casada,nenhum,2,imobiliária,25,nenhum,própria,1,não qualificado - residente,1,Nenhum,Sim,Bom
0 <= ... < 200 Marco Alemão,24,créditos existentes pagos devidamente até agora,rádio/televisão,2896,100 <= ... <  500 Marco Alemão,... < 1 ano,2,Homem: solteiro,nenhum,1,"carro ou outro, não em conta poupança/títulos",29,nenhum,própria,1,funcionário/funcionário qualificado,1,Nenhum,Sim,Bom
 ... <  0 Marco Alemão,6,conta crítica/outros créditos existentes (não neste banco),carro (novo),4716,desconhecido/sem conta poupança,... < 1 ano,1,Homem: solteiro,nenhum,3,imobiliária,44,nenhum,própria,2,não qualificado - residente,2,Nenhum,Sim,Bom
sem conta corrente,24,créditos existentes pagos devidamente até agora,rádio/televisão,2284,... <  100 Marco Alemão,4  <= ... < 7 anos,4,Homem: solteiro,nenhum,2,"carro ou outro, não em conta poupança/títulos",28,nenhum,própria,1,funcionário/funcionário qualificado,1,"Sim, registrado em nome do cliente",Sim,Bom
sem conta corrente,6,créditos existentes pagos devidamente até agora,carro (usado),1236,500 <= ... < 1000 Marco Alemão,1  <= ... < 4 anos,2,Homem: solteiro,nenhum,4,contrato de poupança/seguro de vida da sociedade civil,50,nenhum,alugada,1,funcionário/funcionário qualificado,1,Nenhum,Sim,Bom
0 <= ... < 200 Marco Alemão,12,créditos existentes pagos devidamente até agora,rádio/televisão,1103,... <  100 Marco Alemão,4  <= ... < 7 anos,4,Homem: solteiro,fiador,3,imobiliária,29,nenhum,própria,2,funcionário/funcionário qualificado,1,Nenhum,Não,Bom
sem conta corrente,12,conta crítica/outros créditos existentes (não neste banco),carro (novo),926,... <  100 Marco Alemão,desempregado,1,Mulher: divorciada/separada/casada,nenhum,2,contrato de poupança/seguro de vida da sociedade civil,38,nenhum,própria,1,desempregado/não qualificado - não residente,1,Nenhum,Sim,Bom
sem conta corrente,18,conta crítica/outros créditos existentes (não neste banco),rádio/televisão,1800,... <  100 Marco Alemão,1  <= ... < 4 anos,4,Homem: solteiro,nenhum,2,"carro ou outro, não em conta poupança/títulos",24,nenhum,própria,2,funcionário/funcionário qualificado,1,Nenhum,Sim,Bom
... >= 200 Marco Alemão/ atribuições salariais por pelo menos 1 ano,15,créditos existentes pagos devidamente até agora,educação,1905,... <  100 Marco Alemão, ... >= 7 anos,4,Homem: solteiro,nenhum,4,"carro ou outro, não em conta poupança/títulos",40,nenhum,alugada,1,gestão / autônomo / funcionário / diretor altamente qualificado,1,"Sim, registrado em nome do cliente",Sim,Bom
sem conta corrente,12,créditos existentes pagos devidamente até agora,móveis/equipamentos,1123,500 <= ... < 1000 Marco Alemão,1  <= ... < 4 anos,4,Mulher: divorciada/separada/casada,nenhum,4,"carro ou outro, não em conta poupança/títulos",29,nenhum,alugada,1,não qualificado - residente,1,Nenhum,Sim,Ruim
 ... <  0 Marco Alemão,48,conta crítica/outros créditos existentes (não neste banco),carro (usado),6331,... <  100 Marco Alemão, ... >= 7 anos,4,Homem: solteiro,nenhum,4,desconhecido/sem propriedade,46,nenhum,de graça,2,funcionário/funcionário qualificado,1,"Sim, registrado em nome do cliente",Sim,Ruim
... >= 200 Marco Alemão/ atribuições salariais por pelo menos 1 ano,24,créditos existentes pagos devidamente até agora,rádio/televisão,1377,100 <= ... <  500 Marco Alemão, ... >= 7 anos,4,Mulher: divorciada/separada/casada,nenhum,2,desconhecido/sem propriedade,47,nenhum,de graça,1,funcionário/funcionário qualificado,1,"Sim, registrado em nome do cliente",Sim,Bom
0 <= ... < 200 Marco Alemão,30,atraso no pagamento no passado,negócios,2503,100 <= ... <  500 Marco Alemão, ... >= 7 anos,4,Homem: solteiro,nenhum,2,contrato de poupança/seguro de vida da sociedade civil,41,lojas,própria,2,funcionário/funcionário qualificado,1,Nenhum,Sim,Bom
0 <= ... < 200 Marco Alemão,27,créditos existentes pagos devidamente até agora,negócios,2528,... <  100 Marco Alemão,... < 1 ano,4,Mulher: divorciada/separada/casada,nenhum,1,contrato de poupança/seguro de vida da sociedade civil,32,nenhum,própria,1,funcionário/funcionário qualificado,2,"Sim, registrado em nome do cliente",Sim,Bom
sem conta corrente,15,créditos existentes pagos devidamente até agora,carro (novo),5324,500 <= ... < 1000 Marco Alemão, ... >= 7 anos,1,Mulher: divorciada/separada/casada,nenhum,4,desconhecido/sem propriedade,35,nenhum,de graça,1,funcionário/funcionário qualificado,1,Nenhum,Sim,Bom
0 <= ... < 200 Marco Alemão,48,créditos existentes pagos devidamente até agora,carro (novo),6560,100 <= ... <  500 Marco Alemão,4  <= ... < 7 anos,3,Homem: solteiro,nenhum,2,contrato de poupança/seguro de vida da sociedade civil,24,nenhum,própria,1,funcionário/funcionário qualificado,1,Nenhum,Sim,Ruim
0 <= ... < 200 Marco Alemão,12,nenhum crédito obtido/todos os créditos pagos devidamente,móveis/equipamentos,2969,... <  100 Marco Alemão,... < 1 ano,4,Mulher: divorciada/separada/casada,nenhum,3,contrato de poupança/seguro de vida da sociedade civil,25,nenhum,alugada,2,funcionário/funcionário qualificado,1,Nenhum,Sim,Ruim
0 <= ... < 200 Marco Alemão,9,créditos existentes pagos devidamente até agora,rádio/televisão,1206,... <  100 Marco Alemão, ... >= 7 anos,4,Mulher: divorciada/separada/casada,nenhum,4,imobiliária,25,nenhum,própria,1,funcionário/funcionário qualificado,1,Nenhum,Sim,Bom
0 <= ... < 200 Marco Alemão,9,créditos existentes pagos devidamente até agora,rádio/televisão,2118,... <  100 Marco Alemão,1  <= ... < 4 anos,2,Homem: solteiro,nenhum,2,imobiliária,37,nenhum,própria,1,não qualificado - residente,2,Nenhum,Sim,Bom
sem conta corrente,18,conta crítica/outros créditos existentes (não neste banco),rádio/televisão,629,500 <= ... < 1000 Marco Alemão, ... >= 7 anos,4,Homem: solteiro,nenhum,3,contrato de poupança/seguro de vida da sociedade civil,32,banco,própria,2,gestão / autônomo / funcionário / diretor altamente qualificado,1,"Sim, registrado em nome do cliente",Sim,Bom
 ... <  0 Marco Alemão,6,todos os créditos deste banco foram devidamente pagos,educação,1198,... <  100 Marco Alemão, ... >= 7 anos,4,Mulher: divorciada/separada/casada,nenhum,4,desconhecido/sem propriedade,35,nenhum,de graça,1,funcionário/funcionário qualificado,1,Nenhum,Sim,Ruim
sem conta corrente,21,créditos existentes pagos devidamente até agora,carro (usado),2476,desconhecido/sem conta poupança, ... >= 7 anos,4,Homem: solteiro,nenhum,4,imobiliária,46,nenhum,própria,1,gestão / autônomo / funcionário / diretor altamente qualificado,1,"Sim, registrado em nome do cliente",Sim,Bom
 ... <  0 Marco Alemão,9,conta crítica/outros créditos existentes (não neste banco),rádio/televisão,1138,... <  100 Marco Alemão,1  <= ... < 4 anos,4,Homem: solteiro,nenhum,4,imobiliária,25,nenhum,própria,2,não qualificado - residente,1,Nenhum,Sim,Bom
0 <= ... < 200 Marco Alemão,60,créditos existentes pagos devidamente até agora,carro (novo),14027,... <  100 Marco Alemão,4  <= ... < 7 anos,4,Homem: solteiro,nenhum,2,desconhecido/sem propriedade,27,nenhum,própria,1,gestão / autônomo / funcionário / diretor altamente qualificado,1,"Sim, registrado em nome do cliente",Sim,Ruim
sem conta corrente,30,conta crítica/outros créditos existentes (não neste banco),carro (usado),7596,desconhecido/sem conta poupança, ... >= 7 anos,1,Homem: solteiro,nenhum,4,"carro ou outro, não em conta poupança/títulos",63,nenhum,própria,2,funcionário/funcionário qualificado,1,Nenhum,Sim,Bom
sem conta corrente,30,conta crítica/outros créditos existentes (não neste banco),rádio/televisão,3077,desconhecido/sem conta poupança, ... >= 7 anos,3,Homem: solteiro,nenhum,2,"carro ou outro, não em conta poupança/títulos",40,nenhum,própria,2,funcionário/funcionário qualificado,2,"Sim, registrado em nome do cliente",Sim,Bom
sem conta corrente,18,créditos existentes pagos devidamente até agora,rádio/televisão,1505,... <  100 Marco Alemão,1  <= ... < 4 anos,4,Homem: solteiro,nenhum,2,desconhecido/sem propriedade,32,nenhum,de graça,1,gestão / autônomo / funcionário / diretor altamente qualificado,1,"Sim, registrado em nome do cliente",Sim,Bom
... >= 200 Marco Alemão/ atribuições salariais por pelo menos 1 ano,24,conta crítica/outros créditos existentes (não neste banco),rádio/televisão,3148,desconhecido/sem conta poupança,1  <= ... < 4 anos,3,Homem: solteiro,nenhum,2,"carro ou outro, não em conta poupança/títulos",31,nenhum,própria,2,funcionário/funcionário qualificado,1,"Sim, registrado em nome do cliente",Sim,Bom
0 <= ... < 200 Marco Alemão,20,nenhum crédito obtido/todos os créditos pagos devidamente,carro (usado),6148,100 <= ... <  500 Marco Alemão, ... >= 7 anos,3,Homem: casado/viúvo,nenhum,4,"carro ou outro, não em conta poupança/títulos",31,banco,própria,2,funcionário/funcionário qualificado,1,"Sim, registrado em nome do cliente",Sim,Bom
... >= 200 Marco Alemão/ atribuições salariais por pelo menos 1 ano,9,nenhum crédito obtido/todos os créditos pagos devidamente,rádio/televisão,1337,... <  100 Marco Alemão,... < 1 ano,4,Homem: solteiro,nenhum,2,"carro ou outro, não em conta poupança/títulos",34,nenhum,própria,2,gestão / autônomo / funcionário / diretor altamente qualificado,1,"Sim, registrado em nome do cliente",Sim,Ruim
0 <= ... < 200 Marco Alemão,6,todos os créditos deste banco foram devidamente pagos,educação,433, ... >= 1000 Marco Alemão,... < 1 ano,4,Mulher: divorciada/separada/casada,nenhum,2,contrato de poupança/seguro de vida da sociedade civil,24,banco,alugada,1,funcionário/funcionário qualificado,2,Nenhum,Sim,Ruim
 ... <  0 Marco Alemão,12,créditos existentes pagos devidamente até agora,carro (novo),1228,... <  100 Marco Alemão,1  <= ... < 4 anos,4,Mulher: divorciada/separada/casada,nenhum,2,imobiliária,24,nenhum,própria,1,não qualificado - residente,1,Nenhum,Sim,Ruim
0 <= ... < 200 Marco Alemão,9,créditos existentes pagos devidamente até agora,rádio/televisão,790,500 <= ... < 1000 Marco Alemão,1  <= ... < 4 anos,4,Mulher: divorciada/separada/casada,nenhum,3,imobiliária,66,nenhum,própria,1,não qualificado - residente,1,Nenhum,Sim,Bom
sem conta corrente,27,créditos existentes pagos devidamente até agora,carro (novo),2570,... <  100 Marco Alemão,1  <= ... < 4 anos,3,Mulher: divorciada/separada/casada,nenhum,3,imobiliária,21,nenhum,alugada,1,funcionário/funcionário qualificado,1,Nenhum,Sim,Ruim
sem conta corrente,6,conta crítica/outros créditos existentes (não neste banco),carro (novo),250, ... >= 1000 Marco Alemão,1  <= ... < 4 anos,2,Mulher: divorciada/separada/casada,nenhum,2,imobiliária,41,banco,própria,2,não qualificado - residente,1,Nenhum,Sim,Bom
sem conta corrente,15,conta crítica/outros créditos existentes (não neste banco),rádio/televisão,1316,500 <= ... < 1000 Marco Alemão,1  <= ... < 4 anos,2,Homem: casado/viúvo,nenhum,2,contrato de poupança/seguro de vida da sociedade civil,47,nenhum,própria,2,não qualificado - residente,1,Nenhum,Sim,Bom
 ... <  0 Marco Alemão,18,créditos existentes pagos devidamente até agora,rádio/televisão,1882,... <  100 Marco Alemão,1  <= ... < 4 anos,4,Mulher: divorciada/separada/casada,nenhum,4,"carro ou outro, não em conta poupança/títulos",25,banco,alugada,2,funcionário/funcionário qualificado,1,Nenhum,Sim,Ruim
0 <= ... < 200 Marco Alemão,48,todos os créditos deste banco foram devidamente pagos,negócios,6416,... <  100 Marco Alemão, ... >= 7 anos,4,Mulher: divorciada/separada/casada,nenhum,3,desconhecido/sem propriedade,59,nenhum,alugada,1,funcionário/funcionário qualificado,1,Nenhum,Sim,Ruim
... >= 200 Marco Alemão/ atribuições salariais por pelo menos 1 ano,24,conta crítica/outros créditos existentes (não neste banco),negócios,1275, ... >= 1000 Marco Alemão,1  <= ... < 4 anos,2,Homem: divorciado/separado,nenhum,4,imobiliária,36,nenhum,própria,2,funcionário/funcionário qualificado,1,"Sim, registrado em nome do cliente",Sim,Bom
0 <= ... < 200 Marco Alemão,24,atraso no pagamento no passado,rádio/televisão,6403,... <  100 Marco Alemão,... < 1 ano,1,Homem: solteiro,nenhum,2,"carro ou outro, não em conta poupança/títulos",33,nenhum,própria,1,funcionário/funcionário qualificado,1,Nenhum,Sim,Bom
 ... <  0 Marco Alemão,24,créditos existentes pagos devidamente até agora,rádio/televisão,1987,... <  100 Marco Alemão,1  <= ... < 4 anos,2,Homem: solteiro,nenhum,4,imobiliária,21,nenhum,alugada,1,não qualificado - residente,2,Nenhum,Sim,Ruim
0 <= ... < 200 Marco Alemão,8,créditos existentes pagos devidamente até agora,rádio/televisão,760,... <  100 Marco Alemão,4  <= ... < 7 anos,4,Mulher: divorciada/separada/casada,fiador,2,imobiliária,44,nenhum,própria,1,não qualificado - residente,1,Nenhum,Sim,Bom
sem conta corrente,24,créditos existentes pagos devidamente até agora,carro (usado),2603, ... >= 1000 Marco Alemão,1  <= ... < 4 anos,2,Mulher: divorciada/separada/casada,nenhum,4,"carro ou outro, não em conta poupança/títulos",28,nenhum,alugada,1,funcionário/funcionário qualificado,1,"Sim, registrado em nome do cliente",Sim,Bom
sem conta corrente,4,conta crítica/outros créditos existentes (não neste banco),carro (novo),3380,... <  100 Marco Alemão,4  <= ... < 7 anos,1,Mulher: divorciada/separada/casada,nenhum,1,imobiliária,37,nenhum,própria,1,funcionário/funcionário qualificado,2,Nenhum,Sim,Bom
0 <= ... < 200 Marco Alemão,36,todos os créditos deste banco foram devidamente pagos,eletrodomésticos,3990,desconhecido/sem conta poupança,... < 1 ano,3,Mulher: divorciada/separada/casada,nenhum,2,desconhecido/sem propriedade,29,banco,própria,1,desempregado/não qualificado - não residente,1,Nenhum,Sim,Bom
0 <= ... < 200 Marco Alemão,24,créditos existentes pagos devidamente até agora,carro (usado),11560,... <  100 Marco Alemão,1  <= ... < 4 anos,1,Mulher: divorciada/separada/casada,nenhum,4,"carro ou outro, não em conta poupança/títulos",23,nenhum,alugada,2,gestão / autônomo / funcionário / diretor altamente qualificado,1,Nenhum,Sim,Ruim
 ... <  0 Marco Alemão,18,créditos existentes pagos devidamente até agora,carro (novo),4380,100 <= ... <  500 Marco Alemão,1  <= ... < 4 anos,3,Homem: solteiro,nenhum,4,"carro ou outro, não em conta poupança/títulos",35,nenhum,própria,1,não qualificado - residente,2,"Sim, registrado em nome do cliente",Sim,Bom
sem conta corrente,6,conta crítica/outros créditos existentes (não neste banco),carro (novo),6761,... <  100 Marco Alemão,4  <= ... < 7 anos,1,Homem: solteiro,nenhum,3,desconhecido/sem propriedade,45,nenhum,própria,2,gestão / autônomo / funcionário / diretor altamente qualificado,2,"Sim, registrado em nome do cliente",Sim,Bom
0 <= ... < 200 Marco Alemão,30,nenhum crédito obtido/todos os créditos pagos devidamente,negócios,4280,100 <= ... <  500 Marco Alemão,1  <= ... < 4 anos,4,Mulher: divorciada/separada/casada,nenhum,4,"carro ou outro, não em conta poupança/títulos",26,nenhum,alugada,2,não qualificado - residente,1,Nenhum,Sim,Ruim
 ... <  0 Marco Alemão,24,todos os créditos deste banco foram devidamente pagos,carro (novo),2325,100 <= ... <  500 Marco Alemão,4  <= ... < 7 anos,2,Homem: solteiro,nenhum,3,"carro ou outro, não em conta poupança/títulos",32,banco,própria,1,funcionário/funcionário qualificado,1,Nenhum,Sim,Bom
0 <= ... < 200 Marco Alemão,10,todos os créditos deste banco foram devidamente pagos,rádio/televisão,1048,... <  100 Marco Alemão,1  <= ... < 4 anos,4,Homem: solteiro,nenhum,4,imobiliária,23,lojas,própria,1,não qualificado - residente,1,Nenhum,Sim,Bom
sem conta corrente,21,créditos existentes pagos devidamente até agora,rádio/televisão,3160,desconhecido/sem conta poupança, ... >= 7 anos,4,Homem: solteiro,nenhum,3,contrato de poupança/seguro de vida da sociedade civil,41,nenhum,própria,1,funcionário/funcionário qualificado,1,"Sim, registrado em nome do cliente",Sim,Bom
 ... <  0 Marco Alemão,24,todos os créditos deste banco foram devidamente pagos,móveis/equipamentos,2483,500 <= ... < 1000 Marco Alemão,1  <= ... < 4 anos,4,Homem: solteiro,nenhum,4,imobiliária,22,lojas,própria,1,funcionário/funcionário qualificado,1,"Sim, registrado em nome do cliente",Sim,Bom
 ... <  0 Marco Alemão,39,conta crítica/outros créditos existentes (não neste banco),móveis/equipamentos,14179,desconhecido/sem conta poupança,4  <= ... < 7 anos,4,Homem: solteiro,nenhum,4,contrato de poupança/seguro de vida da sociedade civil,30,nenhum,própria,2,gestão / autônomo / funcionário / diretor altamente qualificado,1,"Sim, registrado em nome do cliente",Sim,Bom
 ... <  0 Marco Alemão,13,conta crítica/outros créditos existentes (não neste banco),negócios,1797,... <  100 Marco Alemão,... < 1 ano,3,Homem: solteiro,nenhum,1,contrato de poupança/seguro de vida da sociedade civil,28,banco,própria,2,não qualificado - residente,1,Nenhum,Sim,Bom
 ... <  0 Marco Alemão,15,créditos existentes pagos devidamente até agora,carro (novo),2511,... <  100 Marco Alemão,desempregado,1,Mulher: divorciada/separada/casada,nenhum,4,"carro ou outro, não em conta poupança/títulos",23,nenhum,alugada,1,funcionário/funcionário qualificado,1,Nenhum,Sim,Bom
 ... <  0 Marco Alemão,12,créditos existentes pagos devidamente até agora,carro (novo),1274,... <  100 Marco Alemão,... < 1 ano,3,Mulher: divorciada/separada/casada,nenhum,1,imobiliária,37,nenhum,própria,1,não qualificado - residente,1,Nenhum,Sim,Ruim
sem conta corrente,21,créditos existentes pagos devidamente até agora,carro (usado),5248,desconhecido/sem conta poupança,1  <= ... < 4 anos,1,Homem: solteiro,nenhum,3,"carro ou outro, não em conta poupança/títulos",26,nenhum,própria,1,funcionário/funcionário qualificado,1,Nenhum,Sim,Bom
sem conta corrente,15,créditos existentes pagos devidamente até agora,carro (usado),3029,... <  100 Marco Alemão,4  <= ... < 7 anos,2,Homem: solteiro,nenhum,2,"carro ou outro, não em conta poupança/títulos",33,nenhum,própria,1,funcionário/funcionário qualificado,1,Nenhum,Sim,Bom
 ... <  0 Marco Alemão,6,créditos existentes pagos devidamente até agora,móveis/equipamentos,428,... <  100 Marco Alemão, ... >= 7 anos,2,Mulher: divorciada/separada/casada,nenhum,1,contrato de poupança/seguro de vida da sociedade civil,49,banco,própria,1,funcionário/funcionário qualificado,1,"Sim, registrado em nome do cliente",Sim,Bom
 ... <  0 Marco Alemão,18,créditos existentes pagos devidamente até agora,carro (novo),976,... <  100 Marco Alemão,... < 1 ano,1,Mulher: divorciada/separada/casada,nenhum,2,"carro ou outro, não em conta poupança/títulos",23,nenhum,própria,1,não qualificado - residente,1,Nenhum,Sim,Ruim
0 <= ... < 200 Marco Alemão,12,créditos existentes pagos devidamente até agora,negócios,841,100 <= ... <  500 Marco Alemão,4  <= ... < 7 anos,2,Mulher: divorciada/separada/casada,nenhum,4,imobiliária,23,nenhum,alugada,1,não qualificado - residente,1,Nenhum,Sim,Bom
sem conta corrente,30,conta crítica/outros créditos existentes (não neste banco),rádio/televisão,5771,... <  100 Marco Alemão,4  <= ... < 7 anos,4,Mulher: divorciada/separada/casada,nenhum,2,"carro ou outro, não em conta poupança/títulos",25,nenhum,própria,2,funcionário/funcionário qualificado,1,Nenhum,Sim,Bom
sem conta corrente,12,atraso no pagamento no passado,reparos,1555, ... >= 1000 Marco Alemão, ... >= 7 anos,4,Homem: solteiro,nenhum,4,desconhecido/sem propriedade,55,nenhum,de graça,2,funcionário/funcionário qualificado,2,Nenhum,Sim,Ruim
 ... <  0 Marco Alemão,24,créditos existentes pagos devidamente até agora,carro (novo),1285,desconhecido/sem conta poupança,4  <= ... < 7 anos,4,Mulher: divorciada/separada/casada,nenhum,4,desconhecido/sem propriedade,32,nenhum,alugada,1,funcionário/funcionário qualificado,1,Nenhum,Sim,Ruim
... >= 200 Marco Alemão/ atribuições salariais por pelo menos 1 ano,6,conta crítica/outros créditos existentes (não neste banco),carro (novo),1299,... <  100 Marco Alemão,1  <= ... < 4 anos,1,Homem: solteiro,nenhum,1,imobiliária,74,nenhum,própria,3,desempregado/não qualificado - não residente,2,Nenhum,Não,Bom
... >= 200 Marco Alemão/ atribuições salariais por pelo menos 1 ano,15,conta crítica/outros créditos existentes (não neste banco),rádio/televisão,1271,desconhecido/sem conta poupança,1  <= ... < 4 anos,3,Homem: solteiro,nenhum,4,desconhecido/sem propriedade,39,nenhum,de graça,2,funcionário/funcionário qualificado,1,"Sim, registrado em nome do cliente",Sim,Ruim
sem conta corrente,24,créditos existentes pagos devidamente até agora,carro (novo),1393,... <  100 Marco Alemão,1  <= ... < 4 anos,2,Homem: solteiro,fiador,2,imobiliária,31,nenhum,própria,1,funcionário/funcionário qualificado,1,"Sim, registrado em nome do cliente",Sim,Bom
 ... <  0 Marco Alemão,12,conta crítica/outros créditos existentes (não neste banco),carro (novo),691,... <  100 Marco Alemão, ... >= 7 anos,4,Homem: solteiro,nenhum,3,contrato de poupança/seguro de vida da sociedade civil,35,nenhum,própria,2,funcionário/funcionário qualificado,1,Nenhum,Sim,Ruim
sem conta corrente,15,conta crítica/outros créditos existentes (não neste banco),carro (novo),5045,desconhecido/sem conta poupança, ... >= 7 anos,1,Mulher: divorciada/separada/casada,nenhum,4,"carro ou outro, não em conta poupança/títulos",59,nenhum,própria,1,funcionário/funcionário qualificado,1,"Sim, registrado em nome do cliente",Sim,Bom
 ... <  0 Marco Alemão,18,conta crítica/outros créditos existentes (não neste banco),móveis/equipamentos,2124,... <  100 Marco Alemão,1  <= ... < 4 anos,4,Mulher: divorciada/separada/casada,nenhum,4,imobiliária,24,nenhum,alugada,2,funcionário/funcionário qualificado,1,Nenhum,Sim,Ruim
 ... <  0 Marco Alemão,12,créditos existentes pagos devidamente até agora,rádio/televisão,2214,... <  100 Marco Alemão,1  <= ... < 4 anos,4,Homem: solteiro,nenhum,3,contrato de poupança/seguro de vida da sociedade civil,24,nenhum,própria,1,não qualificado - residente,1,Nenhum,Sim,Bom
sem conta corrente,21,conta crítica/outros créditos existentes (não neste banco),carro (novo),12680,desconhecido/sem conta poupança, ... >= 7 anos,4,Homem: solteiro,nenhum,4,desconhecido/sem propriedade,30,nenhum,de graça,1,gestão / autônomo / funcionário / diretor altamente qualificado,1,"Sim, registrado em nome do cliente",Sim,Ruim
sem conta corrente,24,conta crítica/outros créditos existentes (não neste banco),carro (novo),2463,100 <= ... <  500 Marco Alemão,4  <= ... < 7 anos,4,Homem: casado/viúvo,nenhum,3,contrato de poupança/seguro de vida da sociedade civil,27,nenhum,própria,2,funcionário/funcionário qualificado,1,"Sim, registrado em nome do cliente",Sim,Bom
0 <= ... < 200 Marco Alemão,12,créditos existentes pagos devidamente até agora,rádio/televisão,1155,... <  100 Marco Alemão, ... >= 7 anos,3,Homem: casado/viúvo,fiador,3,imobiliária,40,banco,própria,2,não qualificado - residente,1,Nenhum,Sim,Bom
 ... <  0 Marco Alemão,30,créditos existentes pagos devidamente até agora,móveis/equipamentos,3108,... <  100 Marco Alemão,... < 1 ano,2,Homem: divorciado/separado,nenhum,4,contrato de poupança/seguro de vida da sociedade civil,31,nenhum,própria,1,não qualificado - residente,1,Nenhum,Sim,Ruim
sem conta corrente,10,créditos existentes pagos devidamente até agora,carro (usado),2901,desconhecido/sem conta poupança,... < 1 ano,1,Mulher: divorciada/separada/casada,nenhum,4,imobiliária,31,nenhum,alugada,1,funcionário/funcionário qualificado,1,Nenhum,Sim,Bom
0 <= ... < 200 Marco Alemão,12,conta crítica/outros créditos existentes (não neste banco),móveis/equipamentos,3617,... <  100 Marco Alemão, ... >= 7 anos,1,Homem: solteiro,nenhum,4,"carro ou outro, não em conta poupança/títulos",28,nenhum,alugada,3,funcionário/funcionário qualificado,1,"Sim, registrado em nome do cliente",Sim,Bom
sem conta corrente,12,conta crítica/outros créditos existentes (não neste banco),rádio/televisão,1655,... <  100 Marco Alemão, ... >= 7 anos,2,Homem: solteiro,nenhum,4,imobiliária,63,nenhum,própria,2,não qualificado - residente,1,"Sim, registrado em nome do cliente",Sim,Bom
 ... <  0 Marco Alemão,24,créditos existentes pagos devidamente até agora,carro (usado),2812,desconhecido/sem conta poupança, ... >= 7 anos,2,Mulher: divorciada/separada/casada,nenhum,4,imobiliária,26,nenhum,alugada,1,funcionário/funcionário qualificado,1,Nenhum,Sim,Bom
 ... <  0 Marco Alemão,36,conta crítica/outros créditos existentes (não neste banco),educação,8065,... <  100 Marco Alemão,1  <= ... < 4 anos,3,Mulher: divorciada/separada/casada,nenhum,2,desconhecido/sem propriedade,25,nenhum,própria,2,gestão / autônomo / funcionário / diretor altamente qualificado,1,"Sim, registrado em nome do cliente",Sim,Ruim
sem conta corrente,21,conta crítica/outros créditos existentes (não neste banco),carro (usado),3275,... <  100 Marco Alemão, ... >= 7 anos,1,Homem: solteiro,nenhum,4,"carro ou outro, não em conta poupança/títulos",36,nenhum,própria,1,gestão / autônomo / funcionário / diretor altamente qualificado,1,"Sim, registrado em nome do cliente",Sim,Bom
sem conta corrente,24,conta crítica/outros créditos existentes (não neste banco),rádio/televisão,2223,100 <= ... <  500 Marco Alemão, ... >= 7 anos,4,Homem: solteiro,nenhum,4,contrato de poupança/seguro de vida da sociedade civil,52,banco,própria,2,funcionário/funcionário qualificado,1,Nenhum,Sim,Bom
... >= 200 Marco Alemão/ atribuições salariais por pelo menos 1 ano,12,conta crítica/outros créditos existentes (não neste banco),carro (novo),1480,500 <= ... < 1000 Marco Alemão,desempregado,2,Homem: solteiro,nenhum,4,desconhecido/sem propriedade,66,banco,de graça,3,desempregado/não qualificado - não residente,1,Nenhum,Sim,Bom
 ... <  0 Marco Alemão,24,créditos existentes pagos devidamente até agora,carro (novo),1371,desconhecido/sem conta poupança,1  <= ... < 4 anos,4,Mulher: divorciada/separada/casada,nenhum,4,imobiliária,25,nenhum,alugada,1,funcionário/funcionário qualificado,1,Nenhum,Sim,Ruim
sem conta corrente,36,conta crítica/outros créditos existentes (não neste banco),carro (novo),3535,... <  100 Marco Alemão,4  <= ... < 7 anos,4,Homem: solteiro,nenhum,4,"carro ou outro, não em conta poupança/títulos",37,nenhum,própria,2,funcionário/funcionário qualificado,1,"Sim, registrado em nome do cliente",Sim,Bom
 ... <  0 Marco Alemão,18,créditos existentes pagos devidamente até agora,rádio/televisão,3509,... <  100 Marco Alemão,4  <= ... < 7 anos,4,Mulher: divorciada/separada/casada,fiador,1,imobiliária,25,nenhum,própria,1,funcionário/funcionário qualificado,1,Nenhum,Sim,Bom
sem conta corrente,36,conta crítica/outros créditos existentes (não neste banco),carro (usado),5711, ... >= 1000 Marco Alemão, ... >= 7 anos,4,Homem: solteiro,nenhum,2,"carro ou outro, não em conta poupança/títulos",38,nenhum,própria,2,gestão / autônomo / funcionário / diretor altamente qualificado,1,"Sim, registrado em nome do cliente",Sim,Bom
0 <= ... < 200 Marco Alemão,18,créditos existentes pagos devidamente até agora,reparos,3872,... <  100 Marco Alemão,desempregado,2,Mulher: divorciada/separada/casada,nenhum,4,"carro ou outro, não em conta poupança/títulos",67,nenhum,própria,1,funcionário/funcionário qualificado,1,"Sim, registrado em nome do cliente",Sim,Bom
0 <= ... < 200 Marco Alemão,39,conta crítica/outros créditos existentes (não neste banco),rádio/televisão,4933,... <  100 Marco Alemão,4  <= ... < 7 anos,2,Homem: solteiro,fiador,2,imobiliária,25,nenhum,própria,2,funcionário/funcionário qualificado,1,Nenhum,Sim,Ruim
sem conta corrente,24,conta crítica/outros créditos existentes (não neste banco),carro (novo),1940, ... >= 1000 Marco Alemão, ... >= 7 anos,4,Homem: solteiro,nenhum,4,imobiliária,60,nenhum,própria,1,funcionário/funcionário qualificado,1,"Sim, registrado em nome do cliente",Sim,Bom
0 <= ... < 200 Marco Alemão,12,nenhum crédito obtido/todos os créditos pagos devidamente,reciclagem,1410,... <  100 Marco Alemão,1  <= ... < 4 anos,2,Homem: solteiro,nenhum,2,imobiliária,31,nenhum,própria,1,não qualificado - residente,1,"Sim, registrado em nome do cliente",Sim,Bom
0 <= ... < 200 Marco Alemão,12,créditos existentes pagos devidamente até agora,carro (novo),836,100 <= ... <  500 Marco Alemão,... < 1 ano,4,Mulher: divorciada/separada/casada,nenhum,2,contrato de poupança/seguro de vida da sociedade civil,23,banco,própria,1,não qualificado - residente,1,Nenhum,Sim,Ruim
0 <= ... < 200 Marco Alemão,20,créditos existentes pagos devidamente até agora,carro (usado),6468,desconhecido/sem conta poupança,desempregado,1,Homem: divorciado/separado,nenhum,4,imobiliária,60,nenhum,própria,1,gestão / autônomo / funcionário / diretor altamente qualificado,1,"Sim, registrado em nome do cliente",Sim,Bom
0 <= ... < 200 Marco Alemão,18,créditos existentes pagos devidamente até agora,negócios,1941, ... >= 1000 Marco Alemão,1  <= ... < 4 anos,4,Homem: solteiro,nenhum,2,contrato de poupança/seguro de vida da sociedade civil,35,nenhum,própria,1,não qualificado - residente,1,"Sim, registrado em nome do cliente",Sim,Bom
sem conta corrente,22,créditos existentes pagos devidamente até agora,rádio/televisão,2675,500 <= ... < 1000 Marco Alemão, ... >= 7 anos,3,Homem: solteiro,nenhum,4,"carro ou outro, não em conta poupança/títulos",40,nenhum,própria,1,funcionário/funcionário qualificado,1,Nenhum,Sim,Bom
sem conta corrente,48,conta crítica/outros créditos existentes (não neste banco),carro (usado),2751,desconhecido/sem conta poupança, ... >= 7 anos,4,Homem: solteiro,nenhum,3,"carro ou outro, não em conta poupança/títulos",38,nenhum,própria,2,funcionário/funcionário qualificado,2,"Sim, registrado em nome do cliente",Sim,Bom
0 <= ... < 200 Marco Alemão,48,atraso no pagamento no passado,educação,6224,... <  100 Marco Alemão, ... >= 7 anos,4,Homem: solteiro,nenhum,4,desconhecido/sem propriedade,50,nenhum,de graça,1,funcionário/funcionário qualificado,1,Nenhum,Sim,Ruim
 ... <  0 Marco Alemão,40,conta crítica/outros créditos existentes (não neste banco),educação,5998,... <  100 Marco Alemão,1  <= ... < 4 anos,4,Homem: solteiro,nenhum,3,desconhecido/sem propriedade,27,banco,própria,1,funcionário/funcionário qualificado,1,"Sim, registrado em nome do cliente",Sim,Ruim
0 <= ... < 200 Marco Alemão,21,créditos existentes pagos devidamente até agora,negócios,1188,... <  100 Marco Alemão, ... >= 7 anos,2,Mulher: divorciada/separada/casada,nenhum,4,contrato de poupança/seguro de vida da sociedade civil,39,nenhum,própria,1,funcionário/funcionário qualificado,2,Nenhum,Sim,Ruim
sem conta corrente,24,créditos existentes pagos devidamente até agora,carro (usado),6313,desconhecido/sem conta poupança, ... >= 7 anos,3,Homem: solteiro,nenhum,4,"carro ou outro, não em conta poupança/títulos",41,nenhum,própria,1,gestão / autônomo / funcionário / diretor altamente qualificado,2,"Sim, registrado em nome do cliente",Sim,Bom
sem conta corrente,6,conta crítica/outros créditos existentes (não neste banco),móveis/equipamentos,1221,desconhecido/sem conta poupança,1  <= ... < 4 anos,1,Homem: casado/viúvo,nenhum,2,contrato de poupança/seguro de vida da sociedade civil,27,nenhum,própria,2,funcionário/funcionário qualificado,1,Nenhum,Sim,Bom
... >= 200 Marco Alemão/ atribuições salariais por pelo menos 1 ano,24,créditos existentes pagos devidamente até agora,móveis/equipamentos,2892,... <  100 Marco Alemão, ... >= 7 anos,3,Homem: divorciado/separado,nenhum,4,desconhecido/sem propriedade,51,nenhum,de graça,1,funcionário/funcionário qualificado,1,Nenhum,Sim,Bom
sem conta corrente,24,créditos existentes pagos devidamente até agora,móveis/equipamentos,3062,500 <= ... < 1000 Marco Alemão, ... >= 7 anos,4,Homem: solteiro,nenhum,3,desconhecido/sem propriedade,32,nenhum,alugada,1,funcionário/funcionário qualificado,1,"Sim, registrado em nome do cliente",Sim,Bom
sem conta corrente,9,créditos existentes pagos devidamente até agora,móveis/equipamentos,2301,100 <= ... <  500 Marco Alemão,... < 1 ano,2,Mulher: divorciada/separada/casada,nenhum,4,contrato de poupança/seguro de vida da sociedade civil,22,nenhum,alugada,1,funcionário/funcionário qualificado,1,Nenhum,Sim,Bom
 ... <  0 Marco Alemão,18,créditos existentes pagos devidamente até agora,carro (usado),7511,desconhecido/sem conta poupança, ... >= 7 anos,1,Homem: solteiro,nenhum,4,contrato de poupança/seguro de vida da sociedade civil,51,nenhum,de graça,1,funcionário/funcionário qualificado,2,"Sim, registrado em nome do cliente",Sim,Ruim
sem conta corrente,12,conta crítica/outros créditos existentes (não neste banco),móveis/equipamentos,1258,... <  100 Marco Alemão,... < 1 ano,2,Mulher: divorciada/separada/casada,nenhum,4,contrato de poupança/seguro de vida da sociedade civil,22,nenhum,alugada,2,não qualificado - residente,1,Nenhum,Sim,Bom
sem conta corrente,24,atraso no pagamento no passado,carro (novo),717,desconhecido/sem conta poupança, ... >= 7 anos,4,Homem: casado/viúvo,nenhum,4,"carro ou outro, não em conta poupança/títulos",54,nenhum,própria,2,funcionário/funcionário qualificado,1,"Sim, registrado em nome do cliente",Sim,Bom
0 <= ... < 200 Marco Alemão,9,créditos existentes pagos devidamente até agora,carro (novo),1549,desconhecido/sem conta poupança,... < 1 ano,4,Homem: solteiro,nenhum,2,imobiliária,35,nenhum,própria,1,desempregado/não qualificado - não residente,1,Nenhum,Sim,Bom
sem conta corrente,24,conta crítica/outros créditos existentes (não neste banco),educação,1597,... <  100 Marco Alemão, ... >= 7 anos,4,Homem: solteiro,nenhum,4,desconhecido/sem propriedade,54,nenhum,de graça,2,funcionário/funcionário qualificado,2,Nenhum,Sim,Bom
0 <= ... < 200 Marco Alemão,18,conta crítica/outros créditos existentes (não neste banco),rádio/televisão,1795,... <  100 Marco Alemão, ... >= 7 anos,3,Mulher: divorciada/separada/casada,fiador,4,imobiliária,48,banco,alugada,2,não qualificado - residente,1,"Sim, registrado em nome do cliente",Sim,Bom
 ... <  0 Marco Alemão,20,conta crítica/outros créditos existentes (não neste banco),móveis/equipamentos,4272,... <  100 Marco Alemão, ... >= 7 anos,1,Mulher: divorciada/separada/casada,nenhum,4,contrato de poupança/seguro de vida da sociedade civil,24,nenhum,própria,2,funcionário/funcionário qualificado,1,Nenhum,Sim,Bom
sem conta corrente,12,conta crítica/outros créditos existentes (não neste banco),rádio/televisão,976,desconhecido/sem conta poupança, ... >= 7 anos,4,Homem: solteiro,nenhum,4,"carro ou outro, não em conta poupança/títulos",35,nenhum,própria,2,funcionário/funcionário qualificado,1,Nenhum,Sim,Bom
0 <= ... < 200 Marco Alemão,12,créditos existentes pagos devidamente até agora,carro (novo),7472,desconhecido/sem conta poupança,desempregado,1,Mulher: divorciada/separada/casada,nenhum,2,imobiliária,24,nenhum,alugada,1,desempregado/não qualificado - não residente,1,Nenhum,Sim,Bom
 ... <  0 Marco Alemão,36,créditos existentes pagos devidamente até agora,carro (novo),9271,... <  100 Marco Alemão,4  <= ... < 7 anos,2,Homem: solteiro,nenhum,1,"carro ou outro, não em conta poupança/títulos",24,nenhum,própria,1,funcionário/funcionário qualificado,1,"Sim, registrado em nome do cliente",Sim,Ruim
0 <= ... < 200 Marco Alemão,6,créditos existentes pagos devidamente até agora,rádio/televisão,590,... <  100 Marco Alemão,... < 1 ano,3,Homem: casado/viúvo,nenhum,3,imobiliária,26,nenhum,própria,1,não qualificado - residente,1,Nenhum,Não,Bom
sem conta corrente,12,conta crítica/outros créditos existentes (não neste banco),rádio/televisão,930,desconhecido/sem conta poupança, ... >= 7 anos,4,Homem: solteiro,nenhum,4,imobiliária,65,nenhum,própria,4,funcionário/funcionário qualificado,1,Nenhum,Sim,Bom
0 <= ... < 200 Marco Alemão,42,todos os créditos deste banco foram devidamente pagos,carro (usado),9283,... <  100 Marco Alemão,desempregado,1,Homem: solteiro,nenhum,2,desconhecido/sem propriedade,55,banco,de graça,1,gestão / autônomo / funcionário / diretor altamente qualificado,1,"Sim, registrado em nome do cliente",Sim,Bom
0 <= ... < 200 Marco Alemão,15,nenhum crédito obtido/todos os créditos pagos devidamente,carro (novo),1778,... <  100 Marco Alemão,... < 1 ano,2,Mulher: divorciada/separada/casada,nenhum,1,imobiliária,26,nenhum,alugada,2,desempregado/não qualificado - não residente,1,Nenhum,Sim,Ruim
0 <= ... < 200 Marco Alemão,8,créditos existentes pagos devidamente até agora,negócios,907,... <  100 Marco Alemão,... < 1 ano,3,Homem: casado/viúvo,nenhum,2,imobiliária,26,nenhum,própria,1,funcionário/funcionário qualificado,1,"Sim, registrado em nome do cliente",Sim,Bom
0 <= ... < 200 Marco Alemão,6,créditos existentes pagos devidamente até agora,rádio/televisão,484,... <  100 Marco Alemão,4  <= ... < 7 anos,3,Homem: casado/viúvo,fiador,3,imobiliária,28,banco,própria,1,não qualificado - residente,1,Nenhum,Sim,Bom
 ... <  0 Marco Alemão,36,conta crítica/outros créditos existentes (não neste banco),carro (usado),9629,... <  100 Marco Alemão,4  <= ... < 7 anos,4,Homem: solteiro,nenhum,4,"carro ou outro, não em conta poupança/títulos",24,nenhum,própria,2,funcionário/funcionário qualificado,1,"Sim, registrado em nome do cliente",Sim,Ruim
 ... <  0 Marco Alemão,48,créditos existentes pagos devidamente até agora,eletrodomésticos,3051,... <  100 Marco Alemão,1  <= ... < 4 anos,3,Homem: solteiro,nenhum,4,"carro ou outro, não em conta poupança/títulos",54,nenhum,própria,1,funcionário/funcionário qualificado,1,Nenhum,Sim,Ruim
 ... <  0 Marco Alemão,48,créditos existentes pagos devidamente até agora,carro (novo),3931,... <  100 Marco Alemão,4  <= ... < 7 anos,4,Homem: solteiro,nenhum,4,desconhecido/sem propriedade,46,nenhum,de graça,1,funcionário/funcionário qualificado,2,Nenhum,Sim,Ruim
0 <= ... < 200 Marco Alemão,36,atraso no pagamento no passado,carro (novo),7432,... <  100 Marco Alemão,1  <= ... < 4 anos,2,Mulher: divorciada/separada/casada,nenhum,2,contrato de poupança/seguro de vida da sociedade civil,54,nenhum,alugada,1,funcionário/funcionário qualificado,1,Nenhum,Sim,Bom
sem conta corrente,6,créditos existentes pagos devidamente até agora,eletrodomésticos,1338,500 <= ... < 1000 Marco Alemão,1  <= ... < 4 anos,1,Homem: divorciado/separado,nenhum,4,imobiliária,62,nenhum,própria,1,funcionário/funcionário qualificado,1,Nenhum,Sim,Bom
sem conta corrente,6,conta crítica/outros créditos existentes (não neste banco),rádio/televisão,1554,... <  100 Marco Alemão,4  <= ... < 7 anos,1,Mulher: divorciada/separada/casada,nenhum,2,"carro ou outro, não em conta poupança/títulos",24,nenhum,alugada,2,funcionário/funcionário qualificado,1,"Sim, registrado em nome do cliente",Sim,Bom
 ... <  0 Marco Alemão,36,créditos existentes pagos devidamente até agora,carro (usado)0,15857,... <  100 Marco Alemão,desempregado,2,Homem: divorciado/separado,co-requerente,3,"carro ou outro, não em conta poupança/títulos",43,nenhum,própria,1,gestão / autônomo / funcionário / diretor altamente qualificado,1,Nenhum,Sim,Bom
 ... <  0 Marco Alemão,18,créditos existentes pagos devidamente até agora,rádio/televisão,1345,... <  100 Marco Alemão,1  <= ... < 4 anos,4,Homem: casado/viúvo,nenhum,3,imobiliária,26,banco,própria,1,funcionário/funcionário qualificado,1,Nenhum,Sim,Ruim
sem conta corrente,12,créditos existentes pagos devidamente até agora,carro (novo),1101,... <  100 Marco Alemão,1  <= ... < 4 anos,3,Homem: casado/viúvo,nenhum,2,imobiliária,27,nenhum,própria,2,funcionário/funcionário qualificado,1,"Sim, registrado em nome do cliente",Sim,Bom
... >= 200 Marco Alemão/ atribuições salariais por pelo menos 1 ano,12,créditos existentes pagos devidamente até agora,rádio/televisão,3016,... <  100 Marco Alemão,1  <= ... < 4 anos,3,Homem: casado/viúvo,nenhum,1,"carro ou outro, não em conta poupança/títulos",24,nenhum,própria,1,funcionário/funcionário qualificado,1,Nenhum,Sim,Bom
 ... <  0 Marco Alemão,36,créditos existentes pagos devidamente até agora,móveis/equipamentos,2712,... <  100 Marco Alemão, ... >= 7 anos,2,Homem: solteiro,nenhum,2,contrato de poupança/seguro de vida da sociedade civil,41,banco,própria,1,funcionário/funcionário qualificado,2,Nenhum,Sim,Ruim
 ... <  0 Marco Alemão,8,conta crítica/outros créditos existentes (não neste banco),carro (novo),731,... <  100 Marco Alemão, ... >= 7 anos,4,Homem: solteiro,nenhum,4,imobiliária,47,nenhum,própria,2,não qualificado - residente,1,Nenhum,Sim,Bom
sem conta corrente,18,conta crítica/outros créditos existentes (não neste banco),móveis/equipamentos,3780,... <  100 Marco Alemão,... < 1 ano,3,Homem: divorciado/separado,nenhum,2,"carro ou outro, não em conta poupança/títulos",35,nenhum,própria,2,gestão / autônomo / funcionário / diretor altamente qualificado,1,"Sim, registrado em nome do cliente",Sim,Bom
 ... <  0 Marco Alemão,21,conta crítica/outros créditos existentes (não neste banco),carro (novo),1602,... <  100 Marco Alemão, ... >= 7 anos,4,Homem: casado/viúvo,nenhum,3,"carro ou outro, não em conta poupança/títulos",30,nenhum,própria,2,funcionário/funcionário qualificado,1,"Sim, registrado em nome do cliente",Sim,Bom
 ... <  0 Marco Alemão,18,conta crítica/outros créditos existentes (não neste banco),carro (novo),3966,... <  100 Marco Alemão, ... >= 7 anos,1,Mulher: divorciada/separada/casada,nenhum,4,imobiliária,33,banco,alugada,3,funcionário/funcionário qualificado,1,"Sim, registrado em nome do cliente",Sim,Ruim
sem conta corrente,18,nenhum crédito obtido/todos os créditos pagos devidamente,negócios,4165,... <  100 Marco Alemão,1  <= ... < 4 anos,2,Homem: solteiro,nenhum,2,"carro ou outro, não em conta poupança/títulos",36,lojas,própria,2,funcionário/funcionário qualificado,2,Nenhum,Sim,Ruim
 ... <  0 Marco Alemão,36,créditos existentes pagos devidamente até agora,carro (usado),8335,desconhecido/sem conta poupança, ... >= 7 anos,3,Homem: solteiro,nenhum,4,desconhecido/sem propriedade,47,nenhum,de graça,1,funcionário/funcionário qualificado,1,Nenhum,Sim,Ruim
0 <= ... < 200 Marco Alemão,48,atraso no pagamento no passado,negócios,6681,desconhecido/sem conta poupança,1  <= ... < 4 anos,4,Homem: solteiro,nenhum,4,desconhecido/sem propriedade,38,nenhum,de graça,1,funcionário/funcionário qualificado,2,"Sim, registrado em nome do cliente",Sim,Bom
sem conta corrente,24,atraso no pagamento no passado,negócios,2375,500 <= ... < 1000 Marco Alemão,1  <= ... < 4 anos,4,Homem: solteiro,nenhum,2,"carro ou outro, não em conta poupança/títulos",44,nenhum,própria,2,funcionário/funcionário qualificado,2,"Sim, registrado em nome do cliente",Sim,Bom
 ... <  0 Marco Alemão,18,créditos existentes pagos devidamente até agora,carro (novo),1216,... <  100 Marco Alemão,... < 1 ano,4,Mulher: divorciada/separada/casada,nenhum,3,"carro ou outro, não em conta poupança/títulos",23,nenhum,alugada,1,funcionário/funcionário qualificado,1,"Sim, registrado em nome do cliente",Sim,Ruim
 ... <  0 Marco Alemão,45,nenhum crédito obtido/todos os créditos pagos devidamente,negócios,11816,... <  100 Marco Alemão, ... >= 7 anos,2,Homem: solteiro,nenhum,4,"carro ou outro, não em conta poupança/títulos",29,nenhum,alugada,2,funcionário/funcionário qualificado,1,Nenhum,Sim,Ruim
0 <= ... < 200 Marco Alemão,24,créditos existentes pagos devidamente até agora,rádio/televisão,5084,desconhecido/sem conta poupança, ... >= 7 anos,2,Mulher: divorciada/separada/casada,nenhum,4,"carro ou outro, não em conta poupança/títulos",42,nenhum,própria,1,funcionário/funcionário qualificado,1,"Sim, registrado em nome do cliente",Sim,Bom
... >= 200 Marco Alemão/ atribuições salariais por pelo menos 1 ano,15,créditos existentes pagos devidamente até agora,rádio/televisão,2327,... <  100 Marco Alemão,... < 1 ano,2,Mulher: divorciada/separada/casada,nenhum,3,imobiliária,25,nenhum,própria,1,não qualificado - residente,1,Nenhum,Sim,Ruim
 ... <  0 Marco Alemão,12,nenhum crédito obtido/todos os créditos pagos devidamente,carro (novo),1082,... <  100 Marco Alemão,1  <= ... < 4 anos,4,Homem: solteiro,nenhum,4,"carro ou outro, não em conta poupança/títulos",48,banco,própria,2,funcionário/funcionário qualificado,1,Nenhum,Sim,Ruim
sem conta corrente,12,créditos existentes pagos devidamente até agora,rádio/televisão,886,desconhecido/sem conta poupança,1  <= ... < 4 anos,4,Mulher: divorciada/separada/casada,nenhum,2,"carro ou outro, não em conta poupança/títulos",21,nenhum,própria,1,funcionário/funcionário qualificado,1,Nenhum,Sim,Bom
sem conta corrente,4,créditos existentes pagos devidamente até agora,móveis/equipamentos,601,... <  100 Marco Alemão,... < 1 ano,1,Mulher: divorciada/separada/casada,nenhum,3,imobiliária,23,nenhum,alugada,1,não qualificado - residente,2,Nenhum,Sim,Bom
 ... <  0 Marco Alemão,24,conta crítica/outros créditos existentes (não neste banco),carro (usado),2957,... <  100 Marco Alemão, ... >= 7 anos,4,Homem: solteiro,nenhum,4,contrato de poupança/seguro de vida da sociedade civil,63,nenhum,própria,2,funcionário/funcionário qualificado,1,"Sim, registrado em nome do cliente",Sim,Bom
sem conta corrente,24,conta crítica/outros créditos existentes (não neste banco),rádio/televisão,2611,... <  100 Marco Alemão, ... >= 7 anos,4,Homem: casado/viúvo,co-requerente,3,imobiliária,46,nenhum,própria,2,funcionário/funcionário qualificado,1,Nenhum,Sim,Bom
 ... <  0 Marco Alemão,36,créditos existentes pagos devidamente até agora,móveis/equipamentos,5179,... <  100 Marco Alemão,4  <= ... < 7 anos,4,Homem: solteiro,nenhum,2,contrato de poupança/seguro de vida da sociedade civil,29,nenhum,própria,1,funcionário/funcionário qualificado,1,Nenhum,Sim,Ruim
sem conta corrente,21,atraso no pagamento no passado,carro (usado),2993,... <  100 Marco Alemão,1  <= ... < 4 anos,3,Homem: solteiro,nenhum,2,imobiliária,28,lojas,própria,2,não qualificado - residente,1,Nenhum,Sim,Bom
sem conta corrente,18,créditos existentes pagos devidamente até agora,reparos,1943,... <  100 Marco Alemão,... < 1 ano,4,Mulher: divorciada/separada/casada,nenhum,4,imobiliária,23,nenhum,própria,1,funcionário/funcionário qualificado,1,Nenhum,Sim,Ruim
sem conta corrente,24,todos os créditos deste banco foram devidamente pagos,negócios,1559,... <  100 Marco Alemão,4  <= ... < 7 anos,4,Homem: solteiro,nenhum,4,"carro ou outro, não em conta poupança/títulos",50,banco,própria,1,funcionário/funcionário qualificado,1,"Sim, registrado em nome do cliente",Sim,Bom
sem conta corrente,18,créditos existentes pagos devidamente até agora,móveis/equipamentos,3422,... <  100 Marco Alemão, ... >= 7 anos,4,Homem: solteiro,nenhum,4,contrato de poupança/seguro de vida da sociedade civil,47,banco,própria,3,funcionário/funcionário qualificado,2,"Sim, registrado em nome do cliente",Sim,Bom
0 <= ... < 200 Marco Alemão,21,créditos existentes pagos devidamente até agora,móveis/equipamentos,3976,desconhecido/sem conta poupança,4  <= ... < 7 anos,2,Homem: solteiro,nenhum,3,"carro ou outro, não em conta poupança/títulos",35,nenhum,própria,1,funcionário/funcionário qualificado,1,"Sim, registrado em nome do cliente",Sim,Bom
sem conta corrente,18,créditos existentes pagos devidamente até agora,carro (novo),6761,desconhecido/sem conta poupança,1  <= ... < 4 anos,2,Homem: solteiro,nenhum,4,"carro ou outro, não em conta poupança/títulos",68,nenhum,alugada,2,funcionário/funcionário qualificado,1,Nenhum,Sim,Ruim
sem conta corrente,24,créditos existentes pagos devidamente até agora,carro (novo),1249,... <  100 Marco Alemão,... < 1 ano,4,Homem: casado/viúvo,nenhum,2,imobiliária,28,nenhum,própria,1,funcionário/funcionário qualificado,1,Nenhum,Sim,Bom
 ... <  0 Marco Alemão,9,créditos existentes pagos devidamente até agora,rádio/televisão,1364,... <  100 Marco Alemão,4  <= ... < 7 anos,3,Homem: solteiro,nenhum,4,imobiliária,59,nenhum,própria,1,funcionário/funcionário qualificado,1,Nenhum,Sim,Bom
 ... <  0 Marco Alemão,12,créditos existentes pagos devidamente até agora,rádio/televisão,709,... <  100 Marco Alemão, ... >= 7 anos,4,Homem: solteiro,nenhum,4,imobiliária,57,lojas,própria,1,não qualificado - residente,1,Nenhum,Sim,Ruim
 ... <  0 Marco Alemão,20,conta crítica/outros créditos existentes (não neste banco),carro (novo),2235,... <  100 Marco Alemão,1  <= ... < 4 anos,4,Homem: casado/viúvo,fiador,2,contrato de poupança/seguro de vida da sociedade civil,33,banco,alugada,2,funcionário/funcionário qualificado,1,Nenhum,Não,Ruim
sem conta corrente,24,conta crítica/outros créditos existentes (não neste banco),carro (usado),4042,desconhecido/sem conta poupança,4  <= ... < 7 anos,3,Homem: solteiro,nenhum,4,contrato de poupança/seguro de vida da sociedade civil,43,nenhum,própria,2,funcionário/funcionário qualificado,1,"Sim, registrado em nome do cliente",Sim,Bom
sem conta corrente,15,conta crítica/outros créditos existentes (não neste banco),rádio/televisão,1471,... <  100 Marco Alemão,1  <= ... < 4 anos,4,Homem: solteiro,nenhum,4,desconhecido/sem propriedade,35,nenhum,de graça,2,funcionário/funcionário qualificado,1,"Sim, registrado em nome do cliente",Sim,Bom
 ... <  0 Marco Alemão,18,todos os créditos deste banco foram devidamente pagos,carro (novo),1442,... <  100 Marco Alemão,4  <= ... < 7 anos,4,Homem: solteiro,nenhum,4,desconhecido/sem propriedade,32,nenhum,de graça,2,não qualificado - residente,2,Nenhum,Sim,Ruim
sem conta corrente,36,atraso no pagamento no passado,carro (novo),10875,... <  100 Marco Alemão, ... >= 7 anos,2,Homem: solteiro,nenhum,2,"carro ou outro, não em conta poupança/títulos",45,nenhum,própria,2,funcionário/funcionário qualificado,2,"Sim, registrado em nome do cliente",Sim,Bom
sem conta corrente,24,créditos existentes pagos devidamente até agora,carro (novo),1474,100 <= ... <  500 Marco Alemão,... < 1 ano,4,Homem: casado/viúvo,nenhum,3,imobiliária,33,nenhum,própria,1,funcionário/funcionário qualificado,1,"Sim, registrado em nome do cliente",Sim,Bom
sem conta corrente,10,créditos existentes pagos devidamente até agora,reciclagem,894,desconhecido/sem conta poupança,4  <= ... < 7 anos,4,Mulher: divorciada/separada/casada,nenhum,3,contrato de poupança/seguro de vida da sociedade civil,40,nenhum,própria,1,funcionário/funcionário qualificado,1,"Sim, registrado em nome do cliente",Sim,Bom
sem conta corrente,15,conta crítica/outros créditos existentes (não neste banco),móveis/equipamentos,3343,... <  100 Marco Alemão,1  <= ... < 4 anos,4,Homem: solteiro,nenhum,2,desconhecido/sem propriedade,28,nenhum,de graça,1,funcionário/funcionário qualificado,1,"Sim, registrado em nome do cliente",Sim,Bom
 ... <  0 Marco Alemão,15,créditos existentes pagos devidamente até agora,carro (novo),3959,... <  100 Marco Alemão,1  <= ... < 4 anos,3,Mulher: divorciada/separada/casada,nenhum,2,contrato de poupança/seguro de vida da sociedade civil,29,nenhum,própria,1,funcionário/funcionário qualificado,1,"Sim, registrado em nome do cliente",Sim,Ruim
sem conta corrente,9,créditos existentes pagos devidamente até agora,carro (novo),3577,100 <= ... <  500 Marco Alemão,1  <= ... < 4 anos,1,Homem: solteiro,fiador,2,imobiliária,26,nenhum,alugada,1,funcionário/funcionário qualificado,2,Nenhum,Não,Bom
sem conta corrente,24,conta crítica/outros créditos existentes (não neste banco),carro (usado),5804, ... >= 1000 Marco Alemão,1  <= ... < 4 anos,4,Homem: solteiro,nenhum,2,imobiliária,27,nenhum,própria,2,funcionário/funcionário qualificado,1,Nenhum,Sim,Bom
sem conta corrente,18,atraso no pagamento no passado,negócios,2169,... <  100 Marco Alemão,1  <= ... < 4 anos,4,Homem: casado/viúvo,nenhum,2,"carro ou outro, não em conta poupança/títulos",28,nenhum,própria,1,funcionário/funcionário qualificado,1,"Sim, registrado em nome do cliente",Sim,Ruim
 ... <  0 Marco Alemão,24,créditos existentes pagos devidamente até agora,rádio/televisão,2439,... <  100 Marco Alemão,... < 1 ano,4,Mulher: divorciada/separada/casada,nenhum,4,imobiliária,35,nenhum,própria,1,funcionário/funcionário qualificado,1,"Sim, registrado em nome do cliente",Sim,Ruim
sem conta corrente,27,conta crítica/outros créditos existentes (não neste banco),móveis/equipamentos,4526, ... >= 1000 Marco Alemão,... < 1 ano,4,Homem: solteiro,nenhum,2,imobiliária,32,lojas,própria,2,não qualificado - residente,2,"Sim, registrado em nome do cliente",Sim,Bom
sem conta corrente,10,créditos existentes pagos devidamente até agora,móveis/equipamentos,2210,... <  100 Marco Alemão,1  <= ... < 4 anos,2,Homem: solteiro,nenhum,2,imobiliária,25,banco,alugada,1,não qualificado - residente,1,Nenhum,Sim,Ruim
sem conta corrente,15,créditos existentes pagos devidamente até agora,móveis/equipamentos,2221,500 <= ... < 1000 Marco Alemão,1  <= ... < 4 anos,2,Mulher: divorciada/separada/casada,nenhum,4,"carro ou outro, não em conta poupança/títulos",20,nenhum,alugada,1,funcionário/funcionário qualificado,1,Nenhum,Sim,Bom
 ... <  0 Marco Alemão,18,créditos existentes pagos devidamente até agora,rádio/televisão,2389,... <  100 Marco Alemão,... < 1 ano,4,Mulher: divorciada/separada/casada,nenhum,1,"carro ou outro, não em conta poupança/títulos",27,lojas,própria,1,funcionário/funcionário qualificado,1,Nenhum,Sim,Bom
sem conta corrente,12,conta crítica/outros créditos existentes (não neste banco),móveis/equipamentos,3331,... <  100 Marco Alemão, ... >= 7 anos,2,Homem: solteiro,nenhum,4,contrato de poupança/seguro de vida da sociedade civil,42,lojas,própria,1,funcionário/funcionário qualificado,1,Nenhum,Sim,Bom
sem conta corrente,36,créditos existentes pagos devidamente até agora,negócios,7409,desconhecido/sem conta poupança, ... >= 7 anos,3,Homem: solteiro,nenhum,2,contrato de poupança/seguro de vida da sociedade civil,37,nenhum,própria,2,funcionário/funcionário qualificado,1,Nenhum,Sim,Bom
 ... <  0 Marco Alemão,12,créditos existentes pagos devidamente até agora,móveis/equipamentos,652,... <  100 Marco Alemão, ... >= 7 anos,4,Mulher: divorciada/separada/casada,nenhum,4,contrato de poupança/seguro de vida da sociedade civil,24,nenhum,alugada,1,funcionário/funcionário qualificado,1,Nenhum,Sim,Bom
sem conta corrente,36,atraso no pagamento no passado,móveis/equipamentos,7678,500 <= ... < 1000 Marco Alemão,4  <= ... < 7 anos,2,Mulher: divorciada/separada/casada,nenhum,4,"carro ou outro, não em conta poupança/títulos",40,nenhum,própria,2,funcionário/funcionário qualificado,1,"Sim, registrado em nome do cliente",Sim,Bom
... >= 200 Marco Alemão/ atribuições salariais por pelo menos 1 ano,6,conta crítica/outros créditos existentes (não neste banco),carro (novo),1343,... <  100 Marco Alemão, ... >= 7 anos,1,Homem: solteiro,nenhum,4,imobiliária,46,nenhum,própria,2,funcionário/funcionário qualificado,2,Nenhum,Não,Bom
 ... <  0 Marco Alemão,24,conta crítica/outros créditos existentes (não neste banco),negócios,1382,100 <= ... <  500 Marco Alemão,4  <= ... < 7 anos,4,Homem: solteiro,nenhum,1,imobiliária,26,nenhum,própria,2,funcionário/funcionário qualificado,1,"Sim, registrado em nome do cliente",Sim,Bom
sem conta corrente,15,créditos existentes pagos devidamente até agora,eletrodomésticos,874,desconhecido/sem conta poupança,... < 1 ano,4,Mulher: divorciada/separada/casada,nenhum,1,imobiliária,24,nenhum,própria,1,funcionário/funcionário qualificado,1,Nenhum,Sim,Bom
 ... <  0 Marco Alemão,12,créditos existentes pagos devidamente até agora,móveis/equipamentos,3590,... <  100 Marco Alemão,1  <= ... < 4 anos,2,Homem: solteiro,co-requerente,2,contrato de poupança/seguro de vida da sociedade civil,29,nenhum,própria,1,não qualificado - residente,2,Nenhum,Sim,Bom
0 <= ... < 200 Marco Alemão,11,conta crítica/outros créditos existentes (não neste banco),carro (novo),1322, ... >= 1000 Marco Alemão,1  <= ... < 4 anos,4,Mulher: divorciada/separada/casada,nenhum,4,"carro ou outro, não em conta poupança/títulos",40,nenhum,própria,2,funcionário/funcionário qualificado,1,Nenhum,Sim,Bom
 ... <  0 Marco Alemão,18,todos os créditos deste banco foram devidamente pagos,rádio/televisão,1940,... <  100 Marco Alemão,... < 1 ano,3,Homem: solteiro,co-requerente,4,desconhecido/sem propriedade,36,banco,de graça,1,gestão / autônomo / funcionário / diretor altamente qualificado,1,"Sim, registrado em nome do cliente",Sim,Bom
sem conta corrente,36,créditos existentes pagos devidamente até agora,rádio/televisão,3595,... <  100 Marco Alemão, ... >= 7 anos,4,Homem: solteiro,nenhum,2,"carro ou outro, não em conta poupança/títulos",28,nenhum,própria,1,funcionário/funcionário qualificado,1,Nenhum,Sim,Bom
 ... <  0 Marco Alemão,9,créditos existentes pagos devidamente até agora,carro (novo),1422,... <  100 Marco Alemão,... < 1 ano,3,Homem: solteiro,nenhum,2,desconhecido/sem propriedade,27,nenhum,de graça,1,gestão / autônomo / funcionário / diretor altamente qualificado,1,"Sim, registrado em nome do cliente",Sim,Ruim
sem conta corrente,30,conta crítica/outros créditos existentes (não neste banco),rádio/televisão,6742,desconhecido/sem conta poupança,4  <= ... < 7 anos,2,Homem: solteiro,nenhum,3,contrato de poupança/seguro de vida da sociedade civil,36,nenhum,própria,2,funcionário/funcionário qualificado,1,Nenhum,Sim,Bom
sem conta corrente,24,créditos existentes pagos devidamente até agora,carro (usado),7814,... <  100 Marco Alemão,4  <= ... < 7 anos,3,Homem: solteiro,nenhum,3,"carro ou outro, não em conta poupança/títulos",38,nenhum,própria,1,gestão / autônomo / funcionário / diretor altamente qualificado,1,"Sim, registrado em nome do cliente",Sim,Bom
sem conta corrente,24,créditos existentes pagos devidamente até agora,carro (usado),9277,desconhecido/sem conta poupança,1  <= ... < 4 anos,2,Homem: divorciado/separado,nenhum,4,desconhecido/sem propriedade,48,nenhum,de graça,1,funcionário/funcionário qualificado,1,"Sim, registrado em nome do cliente",Sim,Bom
0 <= ... < 200 Marco Alemão,30,conta crítica/outros créditos existentes (não neste banco),carro (novo),2181,desconhecido/sem conta poupança, ... >= 7 anos,4,Homem: solteiro,nenhum,4,imobiliária,36,nenhum,própria,2,funcionário/funcionário qualificado,1,Nenhum,Sim,Bom
sem conta corrente,18,conta crítica/outros créditos existentes (não neste banco),rádio/televisão,1098,... <  100 Marco Alemão,desempregado,4,Mulher: divorciada/separada/casada,nenhum,4,"carro ou outro, não em conta poupança/títulos",65,nenhum,própria,2,desempregado/não qualificado - não residente,1,Nenhum,Sim,Bom
0 <= ... < 200 Marco Alemão,24,créditos existentes pagos devidamente até agora,móveis/equipamentos,4057,... <  100 Marco Alemão,4  <= ... < 7 anos,3,Homem: divorciado/separado,nenhum,3,"carro ou outro, não em conta poupança/títulos",43,nenhum,própria,1,funcionário/funcionário qualificado,1,"Sim, registrado em nome do cliente",Sim,Ruim
 ... <  0 Marco Alemão,12,créditos existentes pagos devidamente até agora,educação,795,... <  100 Marco Alemão,... < 1 ano,4,Mulher: divorciada/separada/casada,nenhum,4,contrato de poupança/seguro de vida da sociedade civil,53,nenhum,própria,1,funcionário/funcionário qualificado,1,Nenhum,Sim,Ruim
0 <= ... < 200 Marco Alemão,24,conta crítica/outros créditos existentes (não neste banco),negócios,2825,desconhecido/sem conta poupança,4  <= ... < 7 anos,4,Homem: solteiro,nenhum,3,desconhecido/sem propriedade,34,nenhum,própria,2,funcionário/funcionário qualificado,2,"Sim, registrado em nome do cliente",Sim,Bom
0 <= ... < 200 Marco Alemão,48,créditos existentes pagos devidamente até agora,negócios,15672,... <  100 Marco Alemão,1  <= ... < 4 anos,2,Homem: solteiro,nenhum,2,"carro ou outro, não em conta poupança/títulos",23,nenhum,própria,1,funcionário/funcionário qualificado,1,"Sim, registrado em nome do cliente",Sim,Ruim
sem conta corrente,36,conta crítica/outros créditos existentes (não neste banco),carro (novo),6614,... <  100 Marco Alemão, ... >= 7 anos,4,Homem: solteiro,nenhum,4,"carro ou outro, não em conta poupança/títulos",34,nenhum,própria,2,gestão / autônomo / funcionário / diretor altamente qualificado,1,"Sim, registrado em nome do cliente",Sim,Bom
sem conta corrente,28,todos os créditos deste banco foram devidamente pagos,carro (usado),7824,desconhecido/sem conta poupança,... < 1 ano,3,Homem: solteiro,fiador,4,imobiliária,40,banco,alugada,2,funcionário/funcionário qualificado,2,"Sim, registrado em nome do cliente",Sim,Bom
 ... <  0 Marco Alemão,27,conta crítica/outros créditos existentes (não neste banco),negócios,2442,... <  100 Marco Alemão, ... >= 7 anos,4,Homem: solteiro,nenhum,4,"carro ou outro, não em conta poupança/títulos",43,lojas,própria,4,gestão / autônomo / funcionário / diretor altamente qualificado,2,"Sim, registrado em nome do cliente",Sim,Bom
sem conta corrente,15,conta crítica/outros créditos existentes (não neste banco),rádio/televisão,1829,... <  100 Marco Alemão, ... >= 7 anos,4,Homem: solteiro,nenhum,4,"carro ou outro, não em conta poupança/títulos",46,nenhum,própria,2,funcionário/funcionário qualificado,1,"Sim, registrado em nome do cliente",Sim,Bom
 ... <  0 Marco Alemão,12,conta crítica/outros créditos existentes (não neste banco),carro (novo),2171,... <  100 Marco Alemão,1  <= ... < 4 anos,4,Homem: solteiro,nenhum,4,contrato de poupança/seguro de vida da sociedade civil,38,banco,própria,2,não qualificado - residente,1,Nenhum,Não,Bom
0 <= ... < 200 Marco Alemão,36,conta crítica/outros créditos existentes (não neste banco),carro (usado),5800,... <  100 Marco Alemão,1  <= ... < 4 anos,3,Homem: solteiro,nenhum,4,"carro ou outro, não em conta poupança/títulos",34,nenhum,própria,2,funcionário/funcionário qualificado,1,"Sim, registrado em nome do cliente",Sim,Bom
sem conta corrente,18,conta crítica/outros créditos existentes (não neste banco),rádio/televisão,1169,desconhecido/sem conta poupança,1  <= ... < 4 anos,4,Homem: solteiro,nenhum,3,contrato de poupança/seguro de vida da sociedade civil,29,nenhum,própria,2,funcionário/funcionário qualificado,1,"Sim, registrado em nome do cliente",Sim,Bom
sem conta corrente,36,atraso no pagamento no passado,carro (usado),8947,desconhecido/sem conta poupança,4  <= ... < 7 anos,3,Homem: solteiro,nenhum,2,"carro ou outro, não em conta poupança/títulos",31,lojas,própria,1,gestão / autônomo / funcionário / diretor altamente qualificado,2,"Sim, registrado em nome do cliente",Sim,Bom
 ... <  0 Marco Alemão,21,créditos existentes pagos devidamente até agora,rádio/televisão,2606,... <  100 Marco Alemão,... < 1 ano,4,Mulher: divorciada/separada/casada,nenhum,4,contrato de poupança/seguro de vida da sociedade civil,28,nenhum,alugada,1,gestão / autônomo / funcionário / diretor altamente qualificado,1,"Sim, registrado em nome do cliente",Sim,Bom
sem conta corrente,12,conta crítica/outros créditos existentes (não neste banco),móveis/equipamentos,1592, ... >= 1000 Marco Alemão,4  <= ... < 7 anos,3,Mulher: divorciada/separada/casada,nenhum,2,contrato de poupança/seguro de vida da sociedade civil,35,nenhum,própria,1,funcionário/funcionário qualificado,1,Nenhum,Não,Bom
sem conta corrente,15,créditos existentes pagos devidamente até agora,móveis/equipamentos,2186,desconhecido/sem conta poupança,4  <= ... < 7 anos,1,Mulher: divorciada/separada/casada,nenhum,4,imobiliária,33,banco,alugada,1,não qualificado - residente,1,Nenhum,Sim,Bom
 ... <  0 Marco Alemão,18,créditos existentes pagos devidamente até agora,móveis/equipamentos,4153,... <  100 Marco Alemão,1  <= ... < 4 anos,2,Homem: solteiro,co-requerente,3,"carro ou outro, não em conta poupança/títulos",42,nenhum,própria,1,funcionário/funcionário qualificado,1,Nenhum,Sim,Ruim
 ... <  0 Marco Alemão,16,conta crítica/outros créditos existentes (não neste banco),carro (novo),2625,... <  100 Marco Alemão, ... >= 7 anos,2,Homem: solteiro,fiador,4,contrato de poupança/seguro de vida da sociedade civil,43,banco,alugada,1,funcionário/funcionário qualificado,1,"Sim, registrado em nome do cliente",Sim,Ruim
sem conta corrente,20,conta crítica/outros créditos existentes (não neste banco),carro (novo),3485,desconhecido/sem conta poupança,... < 1 ano,2,Homem: divorciado/separado,nenhum,4,imobiliária,44,nenhum,própria,2,funcionário/funcionário qualificado,1,"Sim, registrado em nome do cliente",Sim,Bom
sem conta corrente,36,conta crítica/outros créditos existentes (não neste banco),carro (usado),10477,desconhecido/sem conta poupança, ... >= 7 anos,2,Homem: solteiro,nenhum,4,desconhecido/sem propriedade,42,nenhum,de graça,2,funcionário/funcionário qualificado,1,Nenhum,Sim,Bom
sem conta corrente,15,créditos existentes pagos devidamente até agora,rádio/televisão,1386,desconhecido/sem conta poupança,1  <= ... < 4 anos,4,Homem: casado/viúvo,nenhum,2,imobiliária,40,nenhum,alugada,1,funcionário/funcionário qualificado,1,"Sim, registrado em nome do cliente",Sim,Bom
sem conta corrente,24,créditos existentes pagos devidamente até agora,rádio/televisão,1278,... <  100 Marco Alemão, ... >= 7 anos,4,Homem: solteiro,nenhum,1,imobiliária,36,nenhum,própria,1,gestão / autônomo / funcionário / diretor altamente qualificado,1,"Sim, registrado em nome do cliente",Sim,Bom
 ... <  0 Marco Alemão,12,créditos existentes pagos devidamente até agora,rádio/televisão,1107,... <  100 Marco Alemão,1  <= ... < 4 anos,2,Homem: solteiro,nenhum,2,imobiliária,20,nenhum,alugada,1,gestão / autônomo / funcionário / diretor altamente qualificado,2,"Sim, registrado em nome do cliente",Sim,Bom
 ... <  0 Marco Alemão,21,créditos existentes pagos devidamente até agora,carro (novo),3763,desconhecido/sem conta poupança,4  <= ... < 7 anos,2,Homem: solteiro,co-requerente,2,imobiliária,24,nenhum,própria,1,não qualificado - residente,1,Nenhum,Não,Bom
0 <= ... < 200 Marco Alemão,36,créditos existentes pagos devidamente até agora,educação,3711,desconhecido/sem conta poupança,1  <= ... < 4 anos,2,Homem: casado/viúvo,nenhum,2,"carro ou outro, não em conta poupança/títulos",27,nenhum,própria,1,funcionário/funcionário qualificado,1,Nenhum,Sim,Bom
sem conta corrente,15,atraso no pagamento no passado,carro (usado),3594,... <  100 Marco Alemão,... < 1 ano,1,Mulher: divorciada/separada/casada,nenhum,2,contrato de poupança/seguro de vida da sociedade civil,46,nenhum,própria,2,não qualificado - residente,1,Nenhum,Sim,Bom
0 <= ... < 200 Marco Alemão,9,créditos existentes pagos devidamente até agora,carro (novo),3195,desconhecido/sem conta poupança,1  <= ... < 4 anos,1,Mulher: divorciada/separada/casada,nenhum,2,imobiliária,33,nenhum,própria,1,não qualificado - residente,1,Nenhum,Sim,Bom
sem conta corrente,36,atraso no pagamento no passado,rádio/televisão,4454,... <  100 Marco Alemão,1  <= ... < 4 anos,4,Mulher: divorciada/separada/casada,nenhum,4,imobiliária,34,nenhum,própria,2,funcionário/funcionário qualificado,1,Nenhum,Sim,Bom
0 <= ... < 200 Marco Alemão,24,conta crítica/outros créditos existentes (não neste banco),móveis/equipamentos,4736,... <  100 Marco Alemão,... < 1 ano,2,Mulher: divorciada/separada/casada,nenhum,4,"carro ou outro, não em conta poupança/títulos",25,banco,própria,1,não qualificado - residente,1,Nenhum,Sim,Ruim
0 <= ... < 200 Marco Alemão,30,créditos existentes pagos devidamente até agora,rádio/televisão,2991,desconhecido/sem conta poupança, ... >= 7 anos,2,Mulher: divorciada/separada/casada,nenhum,4,"carro ou outro, não em conta poupança/títulos",25,nenhum,própria,1,funcionário/funcionário qualificado,1,Nenhum,Sim,Bom
sem conta corrente,11,créditos existentes pagos devidamente até agora,negócios,2142, ... >= 1000 Marco Alemão, ... >= 7 anos,1,Homem: divorciado/separado,nenhum,2,imobiliária,28,nenhum,própria,1,funcionário/funcionário qualificado,1,"Sim, registrado em nome do cliente",Sim,Bom
 ... <  0 Marco Alemão,24,todos os créditos deste banco foram devidamente pagos,negócios,3161,... <  100 Marco Alemão,1  <= ... < 4 anos,4,Homem: solteiro,nenhum,2,contrato de poupança/seguro de vida da sociedade civil,31,nenhum,alugada,1,funcionário/funcionário qualificado,1,"Sim, registrado em nome do cliente",Sim,Ruim
0 <= ... < 200 Marco Alemão,48,nenhum crédito obtido/todos os créditos pagos devidamente,carro (usado)0,18424,... <  100 Marco Alemão,1  <= ... < 4 anos,1,Mulher: divorciada/separada/casada,nenhum,2,contrato de poupança/seguro de vida da sociedade civil,32,banco,própria,1,gestão / autônomo / funcionário / diretor altamente qualificado,1,"Sim, registrado em nome do cliente",Não,Ruim
sem conta corrente,10,créditos existentes pagos devidamente até agora,carro (usado),2848,100 <= ... <  500 Marco Alemão,1  <= ... < 4 anos,1,Homem: solteiro,co-requerente,2,imobiliária,32,nenhum,própria,1,funcionário/funcionário qualificado,2,Nenhum,Sim,Bom
 ... <  0 Marco Alemão,6,créditos existentes pagos devidamente até agora,carro (novo),14896,... <  100 Marco Alemão, ... >= 7 anos,1,Homem: solteiro,nenhum,4,desconhecido/sem propriedade,68,banco,própria,1,gestão / autônomo / funcionário / diretor altamente qualificado,1,"Sim, registrado em nome do cliente",Sim,Ruim
 ... <  0 Marco Alemão,24,créditos existentes pagos devidamente até agora,móveis/equipamentos,2359,100 <= ... <  500 Marco Alemão,desempregado,1,Homem: divorciado/separado,nenhum,1,contrato de poupança/seguro de vida da sociedade civil,33,nenhum,própria,1,funcionário/funcionário qualificado,1,Nenhum,Sim,Ruim
 ... <  0 Marco Alemão,24,créditos existentes pagos devidamente até agora,móveis/equipamentos,3345,... <  100 Marco Alemão, ... >= 7 anos,4,Homem: solteiro,nenhum,2,contrato de poupança/seguro de vida da sociedade civil,39,nenhum,alugada,1,gestão / autônomo / funcionário / diretor altamente qualificado,1,"Sim, registrado em nome do cliente",Sim,Ruim
sem conta corrente,18,conta crítica/outros créditos existentes (não neste banco),móveis/equipamentos,1817,... <  100 Marco Alemão,1  <= ... < 4 anos,4,Mulher: divorciada/separada/casada,nenhum,2,desconhecido/sem propriedade,28,nenhum,própria,2,funcionário/funcionário qualificado,1,Nenhum,Sim,Bom
sem conta corrente,48,atraso no pagamento no passado,rádio/televisão,12749,500 <= ... < 1000 Marco Alemão,4  <= ... < 7 anos,4,Homem: solteiro,nenhum,1,"carro ou outro, não em conta poupança/títulos",37,nenhum,própria,1,gestão / autônomo / funcionário / diretor altamente qualificado,1,"Sim, registrado em nome do cliente",Sim,Bom
 ... <  0 Marco Alemão,9,créditos existentes pagos devidamente até agora,rádio/televisão,1366,... <  100 Marco Alemão,... < 1 ano,3,Mulher: divorciada/separada/casada,nenhum,4,contrato de poupança/seguro de vida da sociedade civil,22,nenhum,alugada,1,funcionário/funcionário qualificado,1,Nenhum,Sim,Ruim
0 <= ... < 200 Marco Alemão,12,créditos existentes pagos devidamente até agora,carro (novo),2002,... <  100 Marco Alemão,4  <= ... < 7 anos,3,Homem: solteiro,nenhum,4,contrato de poupança/seguro de vida da sociedade civil,30,nenhum,alugada,1,funcionário/funcionário qualificado,2,"Sim, registrado em nome do cliente",Sim,Bom
 ... <  0 Marco Alemão,24,todos os créditos deste banco foram devidamente pagos,móveis/equipamentos,6872,... <  100 Marco Alemão,... < 1 ano,2,Homem: divorciado/separado,nenhum,1,contrato de poupança/seguro de vida da sociedade civil,55,banco,própria,1,funcionário/funcionário qualificado,1,"Sim, registrado em nome do cliente",Sim,Ruim
 ... <  0 Marco Alemão,12,todos os créditos deste banco foram devidamente pagos,carro (novo),697,... <  100 Marco Alemão,... < 1 ano,4,Homem: solteiro,nenhum,2,"carro ou outro, não em conta poupança/títulos",46,banco,própria,2,funcionário/funcionário qualificado,1,"Sim, registrado em nome do cliente",Sim,Ruim
 ... <  0 Marco Alemão,18,conta crítica/outros créditos existentes (não neste banco),móveis/equipamentos,1049,... <  100 Marco Alemão,... < 1 ano,4,Mulher: divorciada/separada/casada,nenhum,4,contrato de poupança/seguro de vida da sociedade civil,21,nenhum,alugada,1,funcionário/funcionário qualificado,1,Nenhum,Sim,Bom
 ... <  0 Marco Alemão,48,créditos existentes pagos devidamente até agora,carro (usado),10297,... <  100 Marco Alemão,4  <= ... < 7 anos,4,Homem: solteiro,nenhum,4,desconhecido/sem propriedade,39,lojas,de graça,3,funcionário/funcionário qualificado,2,"Sim, registrado em nome do cliente",Sim,Ruim
sem conta corrente,30,créditos existentes pagos devidamente até agora,rádio/televisão,1867,desconhecido/sem conta poupança, ... >= 7 anos,4,Homem: solteiro,nenhum,4,"carro ou outro, não em conta poupança/títulos",58,nenhum,própria,1,funcionário/funcionário qualificado,1,"Sim, registrado em nome do cliente",Sim,Bom
 ... <  0 Marco Alemão,12,atraso no pagamento no passado,carro (novo),1344,... <  100 Marco Alemão,1  <= ... < 4 anos,4,Homem: solteiro,nenhum,2,imobiliária,43,nenhum,própria,2,não qualificado - residente,2,Nenhum,Sim,Bom
 ... <  0 Marco Alemão,24,créditos existentes pagos devidamente até agora,móveis/equipamentos,1747,... <  100 Marco Alemão,... < 1 ano,4,Homem: solteiro,co-requerente,1,contrato de poupança/seguro de vida da sociedade civil,24,nenhum,própria,1,não qualificado - residente,1,Nenhum,Não,Bom
0 <= ... < 200 Marco Alemão,9,créditos existentes pagos devidamente até agora,rádio/televisão,1670,... <  100 Marco Alemão,... < 1 ano,4,Mulher: divorciada/separada/casada,nenhum,2,"carro ou outro, não em conta poupança/títulos",22,nenhum,própria,1,funcionário/funcionário qualificado,1,"Sim, registrado em nome do cliente",Sim,Ruim
sem conta corrente,9,conta crítica/outros créditos existentes (não neste banco),carro (novo),1224,... <  100 Marco Alemão,1  <= ... < 4 anos,3,Homem: solteiro,nenhum,1,imobiliária,30,nenhum,própria,2,funcionário/funcionário qualificado,1,Nenhum,Sim,Bom
sem conta corrente,12,conta crítica/outros créditos existentes (não neste banco),rádio/televisão,522,500 <= ... < 1000 Marco Alemão, ... >= 7 anos,4,Homem: solteiro,nenhum,4,contrato de poupança/seguro de vida da sociedade civil,42,nenhum,própria,2,funcionário/funcionário qualificado,2,"Sim, registrado em nome do cliente",Sim,Bom
 ... <  0 Marco Alemão,12,créditos existentes pagos devidamente até agora,rádio/televisão,1498,... <  100 Marco Alemão,1  <= ... < 4 anos,4,Mulher: divorciada/separada/casada,nenhum,1,"carro ou outro, não em conta poupança/títulos",23,banco,própria,1,funcionário/funcionário qualificado,1,Nenhum,Sim,Bom
0 <= ... < 200 Marco Alemão,30,atraso no pagamento no passado,rádio/televisão,1919,100 <= ... <  500 Marco Alemão,... < 1 ano,4,Homem: solteiro,nenhum,3,desconhecido/sem propriedade,30,lojas,própria,2,gestão / autônomo / funcionário / diretor altamente qualificado,1,Nenhum,Sim,Ruim
... >= 200 Marco Alemão/ atribuições salariais por pelo menos 1 ano,9,créditos existentes pagos devidamente até agora,rádio/televisão,745,... <  100 Marco Alemão,1  <= ... < 4 anos,3,Mulher: divorciada/separada/casada,nenhum,2,imobiliária,28,nenhum,própria,1,não qualificado - residente,1,Nenhum,Sim,Ruim
0 <= ... < 200 Marco Alemão,6,créditos existentes pagos devidamente até agora,rádio/televisão,2063,... <  100 Marco Alemão,... < 1 ano,4,Homem: casado/viúvo,nenhum,3,"carro ou outro, não em conta poupança/títulos",30,nenhum,alugada,1,gestão / autônomo / funcionário / diretor altamente qualificado,1,"Sim, registrado em nome do cliente",Sim,Bom
0 <= ... < 200 Marco Alemão,60,créditos existentes pagos devidamente até agora,educação,6288,... <  100 Marco Alemão,1  <= ... < 4 anos,4,Homem: solteiro,nenhum,4,desconhecido/sem propriedade,42,nenhum,de graça,1,funcionário/funcionário qualificado,1,Nenhum,Sim,Ruim
sem conta corrente,24,conta crítica/outros créditos existentes (não neste banco),carro (usado),6842,desconhecido/sem conta poupança,1  <= ... < 4 anos,2,Homem: solteiro,nenhum,4,contrato de poupança/seguro de vida da sociedade civil,46,nenhum,própria,2,gestão / autônomo / funcionário / diretor altamente qualificado,2,"Sim, registrado em nome do cliente",Sim,Bom
sem conta corrente,12,créditos existentes pagos devidamente até agora,carro (novo),3527,desconhecido/sem conta poupança,... < 1 ano,2,Homem: solteiro,nenhum,3,contrato de poupança/seguro de vida da sociedade civil,45,nenhum,própria,1,gestão / autônomo / funcionário / diretor altamente qualificado,2,"Sim, registrado em nome do cliente",Sim,Bom
sem conta corrente,10,créditos existentes pagos devidamente até agora,carro (novo),1546,... <  100 Marco Alemão,1  <= ... < 4 anos,3,Homem: solteiro,nenhum,2,imobiliária,31,nenhum,própria,1,não qualificado - residente,2,Nenhum,Não,Bom
sem conta corrente,24,créditos existentes pagos devidamente até agora,móveis/equipamentos,929,desconhecido/sem conta poupança,4  <= ... < 7 anos,4,Homem: solteiro,nenhum,2,"carro ou outro, não em conta poupança/títulos",31,lojas,própria,1,funcionário/funcionário qualificado,1,"Sim, registrado em nome do cliente",Sim,Bom
sem conta corrente,4,conta crítica/outros créditos existentes (não neste banco),carro (novo),1455,... <  100 Marco Alemão,4  <= ... < 7 anos,2,Homem: solteiro,nenhum,1,imobiliária,42,nenhum,própria,3,não qualificado - residente,2,Nenhum,Sim,Bom
 ... <  0 Marco Alemão,15,créditos existentes pagos devidamente até agora,móveis/equipamentos,1845,... <  100 Marco Alemão,... < 1 ano,4,Mulher: divorciada/separada/casada,fiador,1,contrato de poupança/seguro de vida da sociedade civil,46,nenhum,alugada,1,funcionário/funcionário qualificado,1,Nenhum,Sim,Bom
0 <= ... < 200 Marco Alemão,48,nenhum crédito obtido/todos os créditos pagos devidamente,carro (novo),8358,500 <= ... < 1000 Marco Alemão,... < 1 ano,1,Mulher: divorciada/separada/casada,nenhum,1,"carro ou outro, não em conta poupança/títulos",30,nenhum,própria,2,funcionário/funcionário qualificado,1,Nenhum,Sim,Bom
 ... <  0 Marco Alemão,24,todos os créditos deste banco foram devidamente pagos,móveis/equipamentos,3349,500 <= ... < 1000 Marco Alemão,... < 1 ano,4,Homem: solteiro,nenhum,4,desconhecido/sem propriedade,30,nenhum,de graça,1,funcionário/funcionário qualificado,2,"Sim, registrado em nome do cliente",Sim,Ruim
sem conta corrente,12,créditos existentes pagos devidamente até agora,carro (novo),2859,desconhecido/sem conta poupança,desempregado,4,Homem: solteiro,nenhum,4,desconhecido/sem propriedade,38,nenhum,própria,1,gestão / autônomo / funcionário / diretor altamente qualificado,1,"Sim, registrado em nome do cliente",Sim,Bom
sem conta corrente,18,créditos existentes pagos devidamente até agora,móveis/equipamentos,1533,... <  100 Marco Alemão,... < 1 ano,4,Homem: casado/viúvo,co-requerente,1,contrato de poupança/seguro de vida da sociedade civil,43,nenhum,própria,1,não qualificado - residente,2,Nenhum,Sim,Ruim
sem conta corrente,24,créditos existentes pagos devidamente até agora,rádio/televisão,3621,100 <= ... <  500 Marco Alemão, ... >= 7 anos,2,Homem: solteiro,nenhum,4,"carro ou outro, não em conta poupança/títulos",31,nenhum,própria,2,funcionário/funcionário qualificado,1,Nenhum,Sim,Ruim
0 <= ... < 200 Marco Alemão,18,conta crítica/outros créditos existentes (não neste banco),negócios,3590,... <  100 Marco Alemão,desempregado,3,Homem: casado/viúvo,nenhum,3,"carro ou outro, não em conta poupança/títulos",40,nenhum,própria,3,desempregado/não qualificado - não residente,2,"Sim, registrado em nome do cliente",Sim,Bom
 ... <  0 Marco Alemão,36,atraso no pagamento no passado,negócios,2145,... <  100 Marco Alemão,4  <= ... < 7 anos,2,Homem: solteiro,nenhum,1,"carro ou outro, não em conta poupança/títulos",24,nenhum,própria,2,funcionário/funcionário qualificado,1,"Sim, registrado em nome do cliente",Sim,Ruim
0 <= ... < 200 Marco Alemão,24,créditos existentes pagos devidamente até agora,carro (usado),4113,500 <= ... < 1000 Marco Alemão,... < 1 ano,3,Mulher: divorciada/separada/casada,nenhum,4,"carro ou outro, não em conta poupança/títulos",28,nenhum,alugada,1,funcionário/funcionário qualificado,1,Nenhum,Sim,Ruim
sem conta corrente,36,créditos existentes pagos devidamente até agora,móveis/equipamentos,10974,... <  100 Marco Alemão,desempregado,4,Mulher: divorciada/separada/casada,nenhum,2,"carro ou outro, não em conta poupança/títulos",26,nenhum,própria,2,gestão / autônomo / funcionário / diretor altamente qualificado,1,"Sim, registrado em nome do cliente",Sim,Ruim
 ... <  0 Marco Alemão,12,créditos existentes pagos devidamente até agora,carro (novo),1893,... <  100 Marco Alemão,1  <= ... < 4 anos,4,Mulher: divorciada/separada/casada,fiador,4,contrato de poupança/seguro de vida da sociedade civil,29,nenhum,própria,1,funcionário/funcionário qualificado,1,"Sim, registrado em nome do cliente",Sim,Bom
 ... <  0 Marco Alemão,24,conta crítica/outros créditos existentes (não neste banco),rádio/televisão,1231, ... >= 1000 Marco Alemão, ... >= 7 anos,4,Mulher: divorciada/separada/casada,nenhum,4,contrato de poupança/seguro de vida da sociedade civil,57,nenhum,alugada,2,gestão / autônomo / funcionário / diretor altamente qualificado,1,"Sim, registrado em nome do cliente",Sim,Bom
... >= 200 Marco Alemão/ atribuições salariais por pelo menos 1 ano,30,conta crítica/outros créditos existentes (não neste banco),rádio/televisão,3656,desconhecido/sem conta poupança, ... >= 7 anos,4,Homem: solteiro,nenhum,4,contrato de poupança/seguro de vida da sociedade civil,49,lojas,própria,2,não qualificado - residente,1,Nenhum,Sim,Bom
0 <= ... < 200 Marco Alemão,9,conta crítica/outros créditos existentes (não neste banco),rádio/televisão,1154,... <  100 Marco Alemão, ... >= 7 anos,2,Homem: solteiro,nenhum,4,imobiliária,37,nenhum,própria,3,não qualificado - residente,1,Nenhum,Sim,Bom
 ... <  0 Marco Alemão,28,créditos existentes pagos devidamente até agora,carro (novo),4006,... <  100 Marco Alemão,1  <= ... < 4 anos,3,Homem: solteiro,nenhum,2,"carro ou outro, não em conta poupança/títulos",45,nenhum,própria,1,não qualificado - residente,1,Nenhum,Sim,Ruim
0 <= ... < 200 Marco Alemão,24,créditos existentes pagos devidamente até agora,móveis/equipamentos,3069,100 <= ... <  500 Marco Alemão, ... >= 7 anos,4,Homem: solteiro,nenhum,4,desconhecido/sem propriedade,30,nenhum,de graça,1,funcionário/funcionário qualificado,1,Nenhum,Sim,Bom
sem conta corrente,6,conta crítica/outros créditos existentes (não neste banco),rádio/televisão,1740,... <  100 Marco Alemão, ... >= 7 anos,2,Homem: casado/viúvo,nenhum,2,imobiliária,30,nenhum,alugada,2,funcionário/funcionário qualificado,1,Nenhum,Sim,Bom
0 <= ... < 200 Marco Alemão,21,atraso no pagamento no passado,carro (novo),2353,... <  100 Marco Alemão,1  <= ... < 4 anos,1,Homem: divorciado/separado,nenhum,4,contrato de poupança/seguro de vida da sociedade civil,47,nenhum,própria,2,funcionário/funcionário qualificado,1,Nenhum,Sim,Bom
sem conta corrente,15,créditos existentes pagos devidamente até agora,carro (novo),3556,desconhecido/sem conta poupança,1  <= ... < 4 anos,3,Homem: solteiro,nenhum,2,desconhecido/sem propriedade,29,nenhum,própria,1,funcionário/funcionário qualificado,1,Nenhum,Sim,Bom
sem conta corrente,24,créditos existentes pagos devidamente até agora,rádio/televisão,2397,500 <= ... < 1000 Marco Alemão, ... >= 7 anos,3,Homem: solteiro,nenhum,2,"carro ou outro, não em conta poupança/títulos",35,banco,própria,2,funcionário/funcionário qualificado,1,"Sim, registrado em nome do cliente",Sim,Ruim
0 <= ... < 200 Marco Alemão,6,créditos existentes pagos devidamente até agora,reparos,454,... <  100 Marco Alemão,... < 1 ano,3,Homem: casado/viúvo,nenhum,1,contrato de poupança/seguro de vida da sociedade civil,22,nenhum,própria,1,não qualificado - residente,1,Nenhum,Sim,Bom
0 <= ... < 200 Marco Alemão,30,créditos existentes pagos devidamente até agora,rádio/televisão,1715,desconhecido/sem conta poupança,1  <= ... < 4 anos,4,Mulher: divorciada/separada/casada,nenhum,1,"carro ou outro, não em conta poupança/títulos",26,nenhum,própria,1,funcionário/funcionário qualificado,1,Nenhum,Sim,Bom
0 <= ... < 200 Marco Alemão,27,conta crítica/outros créditos existentes (não neste banco),rádio/televisão,2520,500 <= ... < 1000 Marco Alemão,1  <= ... < 4 anos,4,Homem: solteiro,nenhum,2,contrato de poupança/seguro de vida da sociedade civil,23,nenhum,própria,2,não qualificado - residente,1,Nenhum,Sim,Ruim
sem conta corrente,15,créditos existentes pagos devidamente até agora,rádio/televisão,3568,... <  100 Marco Alemão, ... >= 7 anos,4,Mulher: divorciada/separada/casada,nenhum,2,"carro ou outro, não em conta poupança/títulos",54,banco,alugada,1,gestão / autônomo / funcionário / diretor altamente qualificado,1,"Sim, registrado em nome do cliente",Sim,Bom
sem conta corrente,42,créditos existentes pagos devidamente até agora,rádio/televisão,7166,desconhecido/sem conta poupança,4  <= ... < 7 anos,2,Homem: casado/viúvo,nenhum,4,contrato de poupança/seguro de vida da sociedade civil,29,nenhum,alugada,1,funcionário/funcionário qualificado,1,"Sim, registrado em nome do cliente",Sim,Bom
 ... <  0 Marco Alemão,11,conta crítica/outros créditos existentes (não neste banco),carro (novo),3939,... <  100 Marco Alemão,1  <= ... < 4 anos,1,Homem: solteiro,nenhum,2,imobiliária,40,nenhum,própria,2,não qualificado - residente,2,Nenhum,Sim,Bom
0 <= ... < 200 Marco Alemão,15,créditos existentes pagos devidamente até agora,reparos,1514,100 <= ... <  500 Marco Alemão,1  <= ... < 4 anos,4,Homem: solteiro,fiador,2,imobiliária,22,nenhum,própria,1,funcionário/funcionário qualificado,1,Nenhum,Sim,Bom
sem conta corrente,24,créditos existentes pagos devidamente até agora,carro (novo),7393,... <  100 Marco Alemão,1  <= ... < 4 anos,1,Homem: solteiro,nenhum,4,contrato de poupança/seguro de vida da sociedade civil,43,nenhum,própria,1,não qualificado - residente,2,Nenhum,Sim,Bom
 ... <  0 Marco Alemão,24,todos os créditos deste banco foram devidamente pagos,carro (novo),1193,... <  100 Marco Alemão,desempregado,1,Mulher: divorciada/separada/casada,co-requerente,4,desconhecido/sem propriedade,29,nenhum,alugada,2,desempregado/não qualificado - não residente,1,Nenhum,Sim,Ruim
 ... <  0 Marco Alemão,60,créditos existentes pagos devidamente até agora,negócios,7297,... <  100 Marco Alemão, ... >= 7 anos,4,Homem: solteiro,co-requerente,4,desconhecido/sem propriedade,36,nenhum,alugada,1,funcionário/funcionário qualificado,1,Nenhum,Sim,Ruim
sem conta corrente,30,conta crítica/outros créditos existentes (não neste banco),rádio/televisão,2831,... <  100 Marco Alemão,1  <= ... < 4 anos,4,Mulher: divorciada/separada/casada,nenhum,2,"carro ou outro, não em conta poupança/títulos",33,nenhum,própria,1,funcionário/funcionário qualificado,1,"Sim, registrado em nome do cliente",Sim,Bom
... >= 200 Marco Alemão/ atribuições salariais por pelo menos 1 ano,24,créditos existentes pagos devidamente até agora,rádio/televisão,1258,500 <= ... < 1000 Marco Alemão,1  <= ... < 4 anos,3,Mulher: divorciada/separada/casada,nenhum,3,"carro ou outro, não em conta poupança/títulos",57,nenhum,própria,1,não qualificado - residente,1,Nenhum,Sim,Bom
0 <= ... < 200 Marco Alemão,6,créditos existentes pagos devidamente até agora,rádio/televisão,753,... <  100 Marco Alemão,1  <= ... < 4 anos,2,Mulher: divorciada/separada/casada,fiador,3,imobiliária,64,nenhum,própria,1,funcionário/funcionário qualificado,1,Nenhum,Sim,Bom
0 <= ... < 200 Marco Alemão,18,atraso no pagamento no passado,negócios,2427,desconhecido/sem conta poupança, ... >= 7 anos,4,Homem: solteiro,nenhum,2,contrato de poupança/seguro de vida da sociedade civil,42,nenhum,própria,2,funcionário/funcionário qualificado,1,Nenhum,Sim,Bom
sem conta corrente,24,atraso no pagamento no passado,carro (novo),2538,... <  100 Marco Alemão, ... >= 7 anos,4,Homem: solteiro,nenhum,4,"carro ou outro, não em conta poupança/títulos",47,nenhum,própria,2,não qualificado - residente,2,Nenhum,Sim,Ruim
0 <= ... < 200 Marco Alemão,15,todos os créditos deste banco foram devidamente pagos,carro (novo),1264,100 <= ... <  500 Marco Alemão,1  <= ... < 4 anos,2,Homem: casado/viúvo,nenhum,2,contrato de poupança/seguro de vida da sociedade civil,25,nenhum,alugada,1,funcionário/funcionário qualificado,1,Nenhum,Sim,Ruim
0 <= ... < 200 Marco Alemão,30,conta crítica/outros créditos existentes (não neste banco),móveis/equipamentos,8386,... <  100 Marco Alemão,4  <= ... < 7 anos,2,Homem: solteiro,nenhum,2,contrato de poupança/seguro de vida da sociedade civil,49,nenhum,própria,1,funcionário/funcionário qualificado,1,Nenhum,Sim,Ruim
sem conta corrente,48,créditos existentes pagos devidamente até agora,negócios,4844,... <  100 Marco Alemão,desempregado,3,Homem: solteiro,nenhum,2,"carro ou outro, não em conta poupança/títulos",33,banco,alugada,1,gestão / autônomo / funcionário / diretor altamente qualificado,1,"Sim, registrado em nome do cliente",Sim,Ruim
... >= 200 Marco Alemão/ atribuições salariais por pelo menos 1 ano,21,créditos existentes pagos devidamente até agora,carro (novo),2923,100 <= ... <  500 Marco Alemão,1  <= ... < 4 anos,1,Mulher: divorciada/separada/casada,nenhum,1,"carro ou outro, não em conta poupança/títulos",28,banco,própria,1,gestão / autônomo / funcionário / diretor altamente qualificado,1,"Sim, registrado em nome do cliente",Sim,Bom
 ... <  0 Marco Alemão,36,créditos existentes pagos devidamente até agora,carro (usado),8229,... <  100 Marco Alemão,1  <= ... < 4 anos,2,Homem: solteiro,nenhum,2,contrato de poupança/seguro de vida da sociedade civil,26,nenhum,própria,1,funcionário/funcionário qualificado,2,Nenhum,Sim,Ruim
sem conta corrente,24,conta crítica/outros créditos existentes (não neste banco),móveis/equipamentos,2028,... <  100 Marco Alemão,4  <= ... < 7 anos,2,Homem: solteiro,nenhum,2,contrato de poupança/seguro de vida da sociedade civil,30,nenhum,própria,2,não qualificado - residente,1,Nenhum,Sim,Bom
 ... <  0 Marco Alemão,15,conta crítica/outros créditos existentes (não neste banco),móveis/equipamentos,1433,... <  100 Marco Alemão,1  <= ... < 4 anos,4,Mulher: divorciada/separada/casada,nenhum,3,contrato de poupança/seguro de vida da sociedade civil,25,nenhum,alugada,2,funcionário/funcionário qualificado,1,Nenhum,Sim,Bom
... >= 200 Marco Alemão/ atribuições salariais por pelo menos 1 ano,42,nenhum crédito obtido/todos os créditos pagos devidamente,negócios,6289,... <  100 Marco Alemão,... < 1 ano,2,Homem: divorciado/separado,nenhum,1,contrato de poupança/seguro de vida da sociedade civil,33,nenhum,própria,2,funcionário/funcionário qualificado,1,Nenhum,Sim,Bom
sem conta corrente,13,créditos existentes pagos devidamente até agora,rádio/televisão,1409,100 <= ... <  500 Marco Alemão,desempregado,2,Mulher: divorciada/separada/casada,nenhum,4,imobiliária,64,nenhum,própria,1,funcionário/funcionário qualificado,1,Nenhum,Sim,Bom
 ... <  0 Marco Alemão,24,créditos existentes pagos devidamente até agora,carro (usado),6579,... <  100 Marco Alemão,desempregado,4,Homem: solteiro,nenhum,2,desconhecido/sem propriedade,29,nenhum,de graça,1,gestão / autônomo / funcionário / diretor altamente qualificado,1,"Sim, registrado em nome do cliente",Sim,Bom
0 <= ... < 200 Marco Alemão,24,conta crítica/outros créditos existentes (não neste banco),rádio/televisão,1743,... <  100 Marco Alemão, ... >= 7 anos,4,Homem: solteiro,nenhum,2,contrato de poupança/seguro de vida da sociedade civil,48,nenhum,própria,2,não qualificado - residente,1,Nenhum,Sim,Bom
sem conta corrente,12,conta crítica/outros créditos existentes (não neste banco),educação,3565,desconhecido/sem conta poupança,... < 1 ano,2,Homem: solteiro,nenhum,1,contrato de poupança/seguro de vida da sociedade civil,37,nenhum,própria,2,não qualificado - residente,2,Nenhum,Sim,Bom
sem conta corrente,15,todos os créditos deste banco foram devidamente pagos,rádio/televisão,1569,100 <= ... <  500 Marco Alemão, ... >= 7 anos,4,Homem: solteiro,nenhum,4,"carro ou outro, não em conta poupança/títulos",34,banco,própria,1,não qualificado - residente,2,Nenhum,Sim,Bom
 ... <  0 Marco Alemão,18,créditos existentes pagos devidamente até agora,rádio/televisão,1936,desconhecido/sem conta poupança,4  <= ... < 7 anos,2,Homem: casado/viúvo,nenhum,4,"carro ou outro, não em conta poupança/títulos",23,nenhum,alugada,2,não qualificado - residente,1,Nenhum,Sim,Bom
 ... <  0 Marco Alemão,36,créditos existentes pagos devidamente até agora,móveis/equipamentos,3959,... <  100 Marco Alemão,desempregado,4,Homem: solteiro,nenhum,3,contrato de poupança/seguro de vida da sociedade civil,30,nenhum,própria,1,gestão / autônomo / funcionário / diretor altamente qualificado,1,"Sim, registrado em nome do cliente",Sim,Bom
sem conta corrente,12,créditos existentes pagos devidamente até agora,carro (novo),2390,desconhecido/sem conta poupança, ... >= 7 anos,4,Homem: solteiro,nenhum,3,"carro ou outro, não em conta poupança/títulos",50,nenhum,própria,1,funcionário/funcionário qualificado,1,"Sim, registrado em nome do cliente",Sim,Bom
sem conta corrente,12,créditos existentes pagos devidamente até agora,móveis/equipamentos,1736,... <  100 Marco Alemão,4  <= ... < 7 anos,3,Mulher: divorciada/separada/casada,nenhum,4,imobiliária,31,nenhum,própria,1,não qualificado - residente,1,Nenhum,Sim,Bom
 ... <  0 Marco Alemão,30,créditos existentes pagos devidamente até agora,carro (usado),3857,... <  100 Marco Alemão,1  <= ... < 4 anos,4,Homem: divorciado/separado,nenhum,4,contrato de poupança/seguro de vida da sociedade civil,40,nenhum,própria,1,gestão / autônomo / funcionário / diretor altamente qualificado,1,"Sim, registrado em nome do cliente",Sim,Bom
sem conta corrente,12,créditos existentes pagos devidamente até agora,rádio/televisão,804,... <  100 Marco Alemão, ... >= 7 anos,4,Homem: solteiro,nenhum,4,"carro ou outro, não em conta poupança/títulos",38,nenhum,própria,1,funcionário/funcionário qualificado,1,Nenhum,Sim,Bom
 ... <  0 Marco Alemão,45,créditos existentes pagos devidamente até agora,rádio/televisão,1845,... <  100 Marco Alemão,1  <= ... < 4 anos,4,Homem: solteiro,nenhum,4,desconhecido/sem propriedade,23,nenhum,de graça,1,funcionário/funcionário qualificado,1,"Sim, registrado em nome do cliente",Sim,Ruim
0 <= ... < 200 Marco Alemão,45,conta crítica/outros créditos existentes (não neste banco),carro (usado),4576,100 <= ... <  500 Marco Alemão,desempregado,3,Homem: solteiro,nenhum,4,"carro ou outro, não em conta poupança/títulos",27,nenhum,própria,1,funcionário/funcionário qualificado,1,Nenhum,Sim,Bom